617.564758300781 365.888549804688 75.110270690918
617.081970214844 370.891601562500 74.992138977051
616.780334472656 375.085601806641 74.884065246582
616.413879394531 379.002075195313 74.659487915039
616.030456542969 382.963897705078 74.421414184570
615.888427734375 386.947265625000 74.206184082031
615.512817382813 391.190155029297 73.930770874023
615.196594238281 395.165313720703 73.781066894531
614.841064453125 399.425628662109 73.521545410156
614.520446777344 403.567443847656 73.199279785156
614.075866699219 407.561798095703 72.943450927734
613.692077636719 411.588439941406 72.747283935547
613.201293945313 415.511138916016 72.377464294434
612.351440429688 419.366119384766 71.742149353027
611.208190917969 423.315399169922 71.596900939941
610.115539550781 427.103668212891 71.172172546387
609.013977050781 431.092102050781 70.807273864746
607.940917968750 434.941833496094 70.430358886719
606.899108886719 438.809936523438 70.057289123535
605.885925292969 442.672454833984 69.557304382324
604.797241210938 446.591094970703 69.236213684082
603.897827148438 450.521636962891 68.847648620605
602.968200683594 454.348693847656 68.270668029785
601.996704101563 458.218414306641 67.859718322754
601.000427246094 461.923095703125 67.005638122559
600.117187500000 465.543090820313 65.870407104492
599.181945800781 467.920196533203 62.045700073242
598.166503906250 470.415222167969 59.579452514648
596.981933593750 473.708984375000 57.201854705811
595.777038574219 476.066162109375 54.358123779297
594.216613769531 479.292114257813 52.476715087891
593.255554199219 482.434356689453 49.703189849854
592.182434082031 485.562316894531 47.638351440430
591.031250000000 489.219390869141 46.094661712646
589.965087890625 492.844818115234 44.576568603516
588.506958007813 496.184387207031 43.087665557861
586.869079589844 499.311309814453 40.466018676758
586.179748535156 502.476623535156 38.175750732422
584.835449218750 505.304107666016 36.203075408936
583.590698242188 508.668212890625 34.247673034668
582.253967285156 512.196533203125 33.032611846924
581.279907226563 515.354370117188 30.965204238892
580.146362304688 518.755432128906 28.595743179321
578.893371582031 522.375122070313 27.311845779419
578.176391601563 525.720764160156 25.349319458008
577.535400390625 529.288818359375 23.582994461060
576.623596191406 532.986633300781 22.188405990601
575.740966796875 536.406921386719 20.482486724854
574.342651367188 539.498535156250 18.282495498657
572.782104492188 542.648010253906 16.660816192627
571.489929199219 546.040161132813 14.936298370361
569.860473632813 549.641357421875 13.928408622742
568.629455566406 553.141296386719 12.545837402344
567.128723144531 556.395263671875 11.176328659058
565.626708984375 560.302551269531 10.052499771118
564.574157714844 563.457092285156 9.026856422424
563.303405761719 567.686889648438 8.196004867554
562.311706542969 570.720581054688 7.854725360870
561.609375000000 574.482482910156 6.428987026215
