664.363647460938 440.217041015625 69.657157897949
662.850952148438 444.190765380859 69.605377197266
660.997558593750 447.194396972656 69.605911254883
660.027526855469 451.265930175781 69.275100708008
658.674987792969 454.920471191406 69.555908203125
657.748657226563 458.618530273438 70.244636535645
657.513122558594 462.683898925781 68.736572265625
656.926635742188 466.442169189453 68.272666931152
656.410949707031 470.282867431641 68.100112915039
655.743347167969 474.260559082031 67.256790161133
655.280578613281 478.213256835938 67.220626831055
654.817077636719 480.172668457031 64.020927429199
653.057922363281 483.057708740234 63.079902648926
652.228759765625 485.178039550781 60.354961395264
651.364807128906 487.637329101563 57.733642578125
649.855041503906 490.817932128906 55.930229187012
648.737487792969 494.006866455078 54.210624694824
647.927795410156 497.641174316406 52.932479858398
647.008056640625 500.965454101563 50.922355651855
646.235473632813 504.015869140625 48.380649566650
645.245483398438 507.132781982422 46.122306823730
644.450439453125 510.527587890625 44.608711242676
643.358947753906 514.163208007813 42.872249603271
642.283874511719 517.865295410156 42.160724639893
641.408325195313 520.572570800781 39.543281555176
640.007019042969 523.605957031250 37.319789886475
638.911315917969 526.877502441406 35.224296569824
637.672058105469 529.927062988281 33.473098754883
636.396423339844 533.512878417969 32.332084655762
634.899719238281 536.324218750000 29.745677947998
633.345275878906 539.287719726563 27.925239562988
632.165710449219 542.442077636719 25.976608276367
630.651855468750 545.637268066406 24.249790191650
629.644287109375 549.112060546875 22.466632843018
628.309387207031 552.620117187500 21.021072387695
626.898071289063 556.131347656250 19.871974945068
625.840332031250 559.652099609375 18.486074447632
624.457824707031 563.086791992188 17.172378540039
623.249328613281 566.393676757813 15.115786552429
622.016601562500 569.813781738281 13.440742492676
620.312072753906 573.422180175781 12.382312774658
618.913330078125 576.890625000000 11.029076576233
617.945251464844 580.618408203125 10.058115959167
616.645019531250 584.265808105469 9.454705238342
615.293212890625 588.031860351563 8.886217117310
613.800476074219 591.633972167969 8.223095893860
613.093750000000 595.080810546875 7.130176544189
611.837890625000 599.121887207031 6.344600677490
610.989257812500 601.972290039063 5.275776386261
609.980285644531 605.646118164063 3.125628471375
608.784667968750 609.186340332031 2.550314426422
607.049194335938 612.713500976563 2.047691583633
605.569396972656 616.374023437500 1.729053616524
603.932739257813 619.955078125000 1.556963205338
602.403076171875 623.687805175781 1.570379614830
600.782104492188 627.309387207031 1.576400756836
599.073913574219 630.932067871094 1.506597042084
597.686340332031 634.654907226563 1.428359746933
596.288330078125 638.401184082031 1.349411845207
594.733886718750 642.145568847656 1.182930350304
593.309997558594 645.849914550781 1.028837800026
591.755004882813 649.567504882813 0.914732992649
590.209167480469 653.258300781250 0.711562216282
588.716552734375 656.582092285156 0.598212480545
