650.212829589844 603.213317871094 9.466961860657
648.538146972656 602.475585937500 9.236334800720
646.679748535156 601.740600585938 9.008324623108
644.807250976563 601.044555664063 8.881851196289
642.957092285156 600.330749511719 8.768548011780
641.034301757813 599.554748535156 8.594387054443
639.220214843750 598.783264160156 8.367067337036
637.477233886719 598.044921875000 8.188857078552
635.588745117188 597.231384277344 8.131177902222
633.736938476563 596.563659667969 8.170346260071
631.870788574219 595.732421875000 8.125837326050
630.134765625000 594.937133789063 7.358733177185
628.237121582031 594.227233886719 6.680786132813
626.362426757813 593.348571777344 6.586772918701
624.369873046875 592.465820312500 7.162613868713
622.624084472656 591.870788574219 7.582894325256
621.104736328125 590.777404785156 8.172352790833
619.083923339844 590.251403808594 8.414318084717
617.219909667969 589.652648925781 8.592421531677
615.329956054688 588.986694335938 8.786232948303
613.449157714844 588.369628906250 9.068024635315
611.517639160156 587.545654296875 8.831533432007
609.774291992188 586.831665039063 8.536820411682
607.932495117188 586.013183593750 8.555706977844
606.029357910156 585.338256835938 8.647281646729
604.097351074219 584.765075683594 8.812601089478
602.161560058594 584.056213378906 8.726074218750
600.447753906250 583.343261718750 8.495111465454
598.540954589844 582.609008789063 8.075109481812
596.672119140625 581.897460937500 7.846389293671
594.716552734375 581.314331054688 7.562836170197
592.102966308594 579.905761718750 7.319454193115
590.116943359375 579.394470214844 7.534673213959
588.278015136719 578.861083984375 7.645768165588
586.425903320313 578.141662597656 7.840990543365
584.653076171875 577.274597167969 8.027640342712
582.841308593750 576.559143066406 8.222121238708
580.936645507813 575.754028320313 8.215753555298
579.062438964844 574.927429199219 7.978511810303
577.297241210938 574.105468750000 8.150539398193
575.354797363281 573.353820800781 8.142761230469
573.574829101563 572.594726562500 8.286996841431
571.772766113281 571.778259277344 8.253842353821
570.017272949219 570.957153320313 7.847650051117
568.113525390625 570.179809570313 7.814556121826
566.292846679688 569.365234375000 8.115587234497
564.388732910156 568.687866210938 8.143035888672
562.463806152344 567.905822753906 8.264575004578
560.647216796875 567.455627441406 8.475033760071
558.774169921875 566.759033203125 7.873307228088
557.178833007813 565.772705078125 7.547913551331
555.355529785156 564.648498535156 7.410810947418
553.698913574219 563.477844238281 7.003201961517
552.049133300781 562.551574707031 7.138835430145
550.348083496094 561.619750976563 6.453320980072
548.608276367188 560.484619140625 6.585141658783
546.784606933594 559.637145996094 6.771821975708
544.867614746094 559.152893066406 7.331849575043
542.948059082031 558.612182617188 7.457251548767
541.079772949219 558.129394531250 7.348542213440
539.121032714844 557.714843750000 7.110200405121
537.282287597656 557.081787109375 6.711149692535
535.324951171875 556.392517089844 6.662753582001
533.562072753906 555.930725097656 6.628782749176