645.586242675781 578.242309570313 15.710087776184
643.851623535156 577.449951171875 15.482362747192
642.022827148438 576.741394042969 15.227251052856
640.108276367188 575.961181640625 15.258648872375
638.383972167969 575.245910644531 15.105002403259
636.502319335938 574.450256347656 15.072253227234
634.651794433594 573.760864257813 14.842447280884
632.754882812500 573.001403808594 14.834282875061
630.960021972656 572.355407714844 14.756196975708
629.025573730469 571.624450683594 14.850298881531
627.184020996094 571.033752441406 14.963545799255
625.279846191406 570.306091308594 14.723096847534
623.556457519531 569.518432617188 14.019753456116
621.766418457031 568.733398437500 13.921030998230
619.904174804688 568.089111328125 13.959488868713
618.035766601563 567.479492187500 13.842613220215
616.176513671875 566.565124511719 13.736840248108
614.290466308594 566.086120605469 14.013617515564
612.470825195313 565.374877929688 14.464968681335
610.565979003906 564.670288085938 14.531969070435
608.590698242188 564.212524414063 14.500991821289
606.736816406250 563.539550781250 14.399082183838
604.898803710938 562.781250000000 14.492769241333
602.961853027344 562.069458007813 14.329291343689
601.155700683594 561.469543457031 14.545119285583
599.150756835938 560.807861328125 14.714781761169
597.351013183594 560.073547363281 14.575798034668
595.352661132813 559.404357910156 14.398815155029
593.704040527344 558.734375000000 14.165305137634
591.745361328125 557.991149902344 14.208836555481
589.783874511719 557.341796875000 14.146184921265
587.858520507813 556.634765625000 13.969516754150
585.951965332031 556.001586914063 14.098135948181
584.070922851563 555.333740234375 14.099204063416
582.218383789063 554.638732910156 14.177923202515
580.382080078125 553.783691406250 14.300842285156
578.554443359375 552.951599121094 14.127341270447
576.845764160156 552.150451660156 14.156465530396
574.905761718750 551.556579589844 14.219902992249
573.038024902344 550.898559570313 13.886429786682
571.056396484375 550.323364257813 13.782804489136
569.253540039063 549.580627441406 13.875394821167
567.546081542969 548.656005859375 13.986128807068
565.755615234375 547.794433593750 13.684710502625
564.034851074219 546.911499023438 13.511504173279
562.183410644531 546.017395019531 13.494787216187
560.388000488281 545.218261718750 13.473736763000
558.492248535156 544.486999511719 13.451671600342
556.726623535156 543.714782714844 13.416344642639
554.904357910156 542.896728515625 13.165171623230
553.026306152344 542.135498046875 13.285248756409
551.165100097656 541.316528320313 13.574195861816
549.542785644531 540.310424804688 13.455456733704
547.698059082031 539.358032226563 13.273798942566
545.902099609375 538.607849121094 13.482171058655
544.028015136719 537.932556152344 13.599020957947
542.237060546875 537.220825195313 13.613218307495
540.474975585938 536.280944824219 13.558330535889
538.652770996094 535.513244628906 13.575056076050
536.827575683594 534.560974121094 13.572940826416
534.506530761719 533.785583496094 13.700091362000
532.559509277344 532.997253417969 13.475359916687
530.436096191406 532.003051757813 13.222292900085
528.424438476563 531.071350097656 13.389167785645
