658.165405273438 635.135070800781 2.640061855316
656.365661621094 634.337951660156 2.637562274933
654.510314941406 633.550354003906 2.579431295395
652.746215820313 632.661010742188 2.575399398804
650.898925781250 631.794250488281 2.528938055038
649.147827148438 630.863525390625 2.551324844360
647.373229980469 629.966369628906 2.533202409744
645.505981445313 629.169433593750 2.515279531479
643.810485839844 628.281005859375 2.485947132111
641.937072753906 627.377075195313 2.505739450455
640.157714843750 626.510498046875 2.461126804352
638.347595214844 625.569458007813 2.454444169998
636.534851074219 624.761962890625 2.532876014709
634.805541992188 623.763244628906 2.458851575851
632.998229980469 622.909423828125 2.441015243530
631.236389160156 622.038757324219 2.451145410538
629.453491210938 621.084167480469 2.444835424423
627.773193359375 620.309143066406 2.446176290512
625.941650390625 619.283813476563 2.436628341675
624.233642578125 618.453674316406 2.462912082672
622.352355957031 617.560913085938 2.469201564789
620.536743164063 616.649719238281 2.463177680969
618.750000000000 615.811157226563 2.487096786499
616.983947753906 614.903564453125 2.455328226089
615.175781250000 613.980773925781 2.476382017136
613.392150878906 613.025451660156 2.497221231461
611.679077148438 612.089355468750 2.520496606827
609.898071289063 610.948669433594 2.563571691513
608.068725585938 610.282592773438 2.536629915237
606.323059082031 609.458129882813 2.548450469971
604.445190429688 608.585144042969 2.528177976608
601.793151855469 607.467346191406 2.616194725037
599.892272949219 606.644775390625 2.637448072433
597.845581054688 605.678283691406 2.637246131897
596.222534179688 604.810913085938 2.542477130890
594.396911621094 604.113098144531 2.582749366760
592.758728027344 603.113464355469 2.755875825882
590.953125000000 602.397644042969 2.660259246826
589.081665039063 601.359375000000 2.622086286545
587.316223144531 600.741271972656 2.638963222504
585.111633300781 599.893798828125 2.637699365616
583.544738769531 599.153869628906 2.561505079269
581.957092285156 598.074157714844 2.584294795990
580.168640136719 596.945068359375 2.600292205811
578.474365234375 596.074157714844 2.625845432281
576.713867187500 595.341125488281 2.571769952774
575.004089355469 594.356506347656 2.580224514008
573.082153320313 593.450073242188 2.585037708282
571.140808105469 592.545959472656 2.602981328964
569.435546875000 591.803039550781 2.618111371994
567.676452636719 590.815246582031 2.638736248016
565.835937500000 589.936157226563 2.646501541138
564.063232421875 589.057312011719 2.656115531921
562.269653320313 588.162841796875 2.637548923492
560.450378417969 587.299743652344 2.659920454025
558.681884765625 586.441406250000 2.615823745728
556.912231445313 585.581909179688 2.612450599670
555.125915527344 584.607604980469 2.632702350616
553.356323242188 583.748107910156 2.629329442978
551.591674804688 582.790161132813 2.650612831116
549.794677734375 581.875915527344 2.658607959747
548.481201171875 581.156555175781 2.657824516296
546.673156738281 580.302062988281 2.667137384415
544.830200195313 579.336059570313 2.672481775284
