Project7 ALL64_1
2.00
11
11
Type of measurement (0=app.resistivity,1=resistance)
1
1443
2
0
4 0.00 0.00 2.00 0.00 6.00 0.00 4.00 0.00 0.367994
4 0.00 0.00 2.00 0.00 8.00 0.00 6.00 0.00 0.0871135
4 0.00 0.00 2.00 0.00 10.00 0.00 8.00 0.00 0.0283851
4 2.00 0.00 4.00 0.00 8.00 0.00 6.00 0.00 0.496526
4 0.00 0.00 2.00 0.00 12.00 0.00 10.00 0.00 0.012605
4 2.00 0.00 4.00 0.00 10.00 0.00 8.00 0.00 0.104905
4 0.00 0.00 2.00 0.00 14.00 0.00 12.00 0.00 0.00747419
4 2.00 0.00 4.00 0.00 12.00 0.00 10.00 0.00 0.0351031
4 4.00 0.00 6.00 0.00 10.00 0.00 8.00 0.00 0.530949
4 0.00 0.00 2.00 0.00 16.00 0.00 14.00 0.00 0.0045769
4 2.00 0.00 4.00 0.00 14.00 0.00 12.00 0.00 0.0175486
4 4.00 0.00 6.00 0.00 12.00 0.00 10.00 0.00 0.107096
4 2.00 0.00 4.00 0.00 16.00 0.00 14.00 0.00 0.00937111
4 4.00 0.00 6.00 0.00 14.00 0.00 12.00 0.00 0.0390377
4 6.00 0.00 8.00 0.00 12.00 0.00 10.00 0.00 0.476298
4 2.00 0.00 4.00 0.00 18.00 0.00 16.00 0.00 0.00491201
4 4.00 0.00 6.00 0.00 16.00 0.00 14.00 0.00 0.0173128
4 6.00 0.00 8.00 0.00 14.00 0.00 12.00 0.00 0.105456
4 0.00 0.00 4.00 0.00 20.00 0.00 16.00 0.00 0.0126344
4 4.00 0.00 6.00 0.00 18.00 0.00 16.00 0.00 0.00801003
4 6.00 0.00 8.00 0.00 16.00 0.00 14.00 0.00 0.0364663
4 8.00 0.00 10.00 0.00 14.00 0.00 12.00 0.00 0.449269
4 0.00 0.00 6.00 0.00 24.00 0.00 18.00 0.00 0.0216038
4 8.00 0.00 10.00 0.00 16.00 0.00 14.00 0.00 0.0934772
4 2.00 0.00 6.00 0.00 22.00 0.00 18.00 0.00 0.0128163
4 4.00 0.00 6.00 0.00 20.00 0.00 18.00 0.00 0.00486953
4 0.00 0.00 4.00 0.00 24.00 0.00 20.00 0.00 0.00628339
4 6.00 0.00 8.00 0.00 18.00 0.00 16.00 0.00 0.0145138
4 8.00 0.00 10.00 0.00 18.00 0.00 16.00 0.00 0.0290328
4 10.00 0.00 12.00 0.00 16.00 0.00 14.00 0.00 0.3807
4 6.00 0.00 8.00 0.00 20.00 0.00 18.00 0.00 0.00791389
4 4.00 0.00 8.00 0.00 24.00 0.00 20.00 0.00 0.0132126
4 8.00 0.00 10.00 0.00 20.00 0.00 18.00 0.00 0.0136607
4 2.00 0.00 6.00 0.00 26.00 0.00 22.00 0.00 0.00819871
4 0.00 0.00 4.00 0.00 28.00 0.00 24.00 0.00 0.00445694
4 2.00 0.00 8.00 0.00 26.00 0.00 20.00 0.00 0.0234913
4 10.00 0.00 12.00 0.00 18.00 0.00 16.00 0.00 0.0708097
4 6.00 0.00 8.00 0.00 22.00 0.00 20.00 0.00 0.00412222
4 8.00 0.00 10.00 0.00 22.00 0.00 20.00 0.00 0.0064111
4 12.00 0.00 14.00 0.00 18.00 0.00 16.00 0.00 0.286888
4 10.00 0.00 12.00 0.00 20.00 0.00 18.00 0.00 0.0266773
4 4.00 0.00 8.00 0.00 28.00 0.00 24.00 0.00 0.00804233
4 12.00 0.00 14.00 0.00 20.00 0.00 18.00 0.00 0.0674998
4 2.00 0.00 6.00 0.00 30.00 0.00 26.00 0.00 0.00405424
4 0.00 0.00 4.00 0.00 32.00 0.00 28.00 0.00 0.00196487
4 4.00 0.00 10.00 0.00 28.00 0.00 22.00 0.00 0.0260619
4 10.00 0.00 12.00 0.00 22.00 0.00 20.00 0.00 0.0108617
4 8.00 0.00 10.00 0.00 24.00 0.00 22.00 0.00 0.00544333
4 6.00 0.00 10.00 0.00 26.00 0.00 22.00 0.00 0.0157192
4 14.00 0.00 16.00 0.00 20.00 0.00 18.00 0.00 0.263149
4 10.00 0.00 12.00 0.00 24.00 0.00 22.00 0.00 0.00837888
4 12.00 0.00 14.00 0.00 22.00 0.00 20.00 0.00 0.0221917
4 14.00 0.00 16.00 0.00 22.00 0.00 20.00 0.00 0.0519859
4 12.00 0.00 14.00 0.00 24.00 0.00 22.00 0.00 0.014865
4 0.00 0.00 6.00 0.00 36.00 0.00 30.00 0.00 0.00379245
4 10.00 0.00 12.00 0.00 26.00 0.00 24.00 0.00 0.00539657
4 6.00 0.00 10.00 0.00 30.00 0.00 26.00 0.00 0.0067291
4 8.00 0.00 12.00 0.00 28.00 0.00 24.00 0.00 0.0149163
4 4.00 0.00 8.00 0.00 32.00 0.00 28.00 0.00 0.00320129
4 2.00 0.00 6.00 0.00 34.00 0.00 30.00 0.00 0.00205245
4 6.00 0.00 12.00 0.00 30.00 0.00 24.00 0.00 0.02373
4 16.00 0.00 18.00 0.00 22.00 0.00 20.00 0.00 0.194824
4 14.00 0.00 16.00 0.00 24.00 0.00 22.00 0.00 0.0276277
4 12.00 0.00 14.00 0.00 26.00 0.00 24.00 0.00 0.00865543
4 10.00 0.00 14.00 0.00 30.00 0.00 26.00 0.00 0.0125816
4 8.00 0.00 12.00 0.00 32.00 0.00 28.00 0.00 0.00519065
4 8.00 0.00 14.00 0.00 32.00 0.00 26.00 0.00 0.020006
4 6.00 0.00 10.00 0.00 34.00 0.00 30.00 0.00 0.00311989
4 4.00 0.00 8.00 0.00 36.00 0.00 32.00 0.00 0.00221492
4 0.00 0.00 8.00 0.00 40.00 0.00 32.00 0.00 0.00615108
4 2.00 0.00 8.00 0.00 38.00 0.00 32.00 0.00 0.00423287
4 16.00 0.00 18.00 0.00 24.00 0.00 22.00 0.00 0.0631573
4 12.00 0.00 14.00 0.00 28.00 0.00 26.00 0.00 0.00494289
4 14.00 0.00 16.00 0.00 26.00 0.00 24.00 0.00 0.0138422
4 16.00 0.00 18.00 0.00 26.00 0.00 24.00 0.00 0.0245964
4 14.00 0.00 16.00 0.00 28.00 0.00 26.00 0.00 0.00716838
4 18.00 0.00 20.00 0.00 24.00 0.00 22.00 0.00 0.25601
4 0.00 0.00 6.00 0.00 42.00 0.00 36.00 0.00 0.00240979
4 8.00 0.00 12.00 0.00 36.00 0.00 32.00 0.00 0.00336173
4 6.00 0.00 10.00 0.00 38.00 0.00 34.00 0.00 0.00227242
4 10.00 0.00 16.00 0.00 34.00 0.00 28.00 0.00 0.0167223
4 2.00 0.00 10.00 0.00 42.00 0.00 34.00 0.00 0.00646855
4 16.00 0.00 18.00 0.00 28.00 0.00 26.00 0.00 0.0111074
4 14.00 0.00 16.00 0.00 30.00 0.00 28.00 0.00 0.0034581
4 18.00 0.00 20.00 0.00 26.00 0.00 24.00 0.00 0.0558855
4 12.00 0.00 16.00 0.00 32.00 0.00 28.00 0.00 0.0096334
4 4.00 0.00 10.00 0.00 40.00 0.00 34.00 0.00 0.00420713
4 10.00 0.00 14.00 0.00 34.00 0.00 30.00 0.00 0.00514674
4 20.00 0.00 22.00 0.00 26.00 0.00 24.00 0.00 0.165443
4 18.00 0.00 20.00 0.00 28.00 0.00 26.00 0.00 0.020775
4 2.00 0.00 8.00 0.00 44.00 0.00 38.00 0.00 0.00278943
4 16.00 0.00 18.00 0.00 30.00 0.00 28.00 0.00 0.0048168
4 16.00 0.00 18.00 0.00 32.00 0.00 30.00 0.00 0.00275067
4 8.00 0.00 12.00 0.00 40.00 0.00 36.00 0.00 0.00219111
4 18.00 0.00 20.00 0.00 30.00 0.00 28.00 0.00 0.00810862
4 0.00 0.00 6.00 0.00 48.00 0.00 42.00 0.00 0.00206683
4 20.00 0.00 22.00 0.00 28.00 0.00 26.00 0.00 0.0387322
4 12.00 0.00 16.00 0.00 36.00 0.00 32.00 0.00 0.00565617
4 14.00 0.00 18.00 0.00 34.00 0.00 30.00 0.00 0.00869601
4 10.00 0.00 14.00 0.00 38.00 0.00 34.00 0.00 0.00353316
4 6.00 0.00 12.00 0.00 42.00 0.00 36.00 0.00 0.00424474
4 0.00 0.00 8.00 0.00 48.00 0.00 40.00 0.00 0.00409433
4 12.00 0.00 18.00 0.00 36.00 0.00 30.00 0.00 0.0158115
4 4.00 0.00 12.00 0.00 44.00 0.00 36.00 0.00 0.00685738
4 22.00 0.00 24.00 0.00 28.00 0.00 26.00 0.00 0.162849
4 4.00 0.00 10.00 0.00 46.00 0.00 40.00 0.00 0.00314595
4 20.00 0.00 22.00 0.00 30.00 0.00 28.00 0.00 0.0123408
4 18.00 0.00 20.00 0.00 32.00 0.00 30.00 0.00 0.00431198
4 12.00 0.00 16.00 0.00 40.00 0.00 36.00 0.00 0.00341668
4 10.00 0.00 14.00 0.00 42.00 0.00 38.00 0.00 0.00228216
4 20.00 0.00 22.00 0.00 32.00 0.00 30.00 0.00 0.00627656
4 2.00 0.00 8.00 0.00 50.00 0.00 44.00 0.00 0.00201736
4 8.00 0.00 14.00 0.00 44.00 0.00 38.00 0.00 0.00472963
4 14.00 0.00 18.00 0.00 38.00 0.00 34.00 0.00 0.00529926
4 18.00 0.00 20.00 0.00 34.00 0.00 32.00 0.00 0.00323456
4 2.00 0.00 10.00 0.00 50.00 0.00 42.00 0.00 0.00431306
4 14.00 0.00 20.00 0.00 38.00 0.00 32.00 0.00 0.0165129
4 22.00 0.00 24.00 0.00 30.00 0.00 28.00 0.00 0.0328519
4 6.00 0.00 14.00 0.00 46.00 0.00 38.00 0.00 0.00754975
4 16.00 0.00 20.00 0.00 36.00 0.00 32.00 0.00 0.00940087
4 22.00 0.00 24.00 0.00 32.00 0.00 30.00 0.00 0.0148787
4 6.00 0.00 12.00 0.00 48.00 0.00 42.00 0.00 0.00344282
4 20.00 0.00 22.00 0.00 34.00 0.00 32.00 0.00 0.00408032
4 24.00 0.00 26.00 0.00 30.00 0.00 28.00 0.00 0.128929
4 16.00 0.00 20.00 0.00 40.00 0.00 36.00 0.00 0.00506243
4 18.00 0.00 22.00 0.00 38.00 0.00 34.00 0.00 0.00898133
4 4.00 0.00 12.00 0.00 52.00 0.00 44.00 0.00 0.0039763
4 0.00 0.00 8.00 0.00 56.00 0.00 48.00 0.00 0.00189246
4 24.00 0.00 26.00 0.00 32.00 0.00 30.00 0.00 0.039115
4 12.00 0.00 16.00 0.00 44.00 0.00 40.00 0.00 0.00273632
4 22.00 0.00 24.00 0.00 34.00 0.00 32.00 0.00 0.00840174
4 16.00 0.00 22.00 0.00 40.00 0.00 34.00 0.00 0.0153762
4 10.00 0.00 16.00 0.00 46.00 0.00 40.00 0.00 0.00537634
4 14.00 0.00 18.00 0.00 42.00 0.00 38.00 0.00 0.00316767
4 4.00 0.00 10.00 0.00 52.00 0.00 46.00 0.00 0.00175438
4 20.00 0.00 22.00 0.00 36.00 0.00 34.00 0.00 0.00288083
4 8.00 0.00 16.00 0.00 48.00 0.00 40.00 0.00 0.00822326
4 8.00 0.00 14.00 0.00 50.00 0.00 44.00 0.00 0.00325728
4 24.00 0.00 26.00 0.00 34.00 0.00 32.00 0.00 0.0179553
4 22.00 0.00 24.00 0.00 36.00 0.00 34.00 0.00 0.00564185
4 26.00 0.00 28.00 0.00 32.00 0.00 30.00 0.00 0.208981
4 12.00 0.00 18.00 0.00 48.00 0.00 42.00 0.00 0.00565469
4 22.00 0.00 24.00 0.00 38.00 0.00 36.00 0.00 0.00380915
4 20.00 0.00 24.00 0.00 40.00 0.00 36.00 0.00 0.00979983
4 26.00 0.00 28.00 0.00 34.00 0.00 32.00 0.00 0.0525785
4 6.00 0.00 12.00 0.00 54.00 0.00 48.00 0.00 0.0015561
4 16.00 0.00 20.00 0.00 44.00 0.00 40.00 0.00 0.00374678
4 10.00 0.00 18.00 0.00 50.00 0.00 42.00 0.00 0.00818358
4 18.00 0.00 22.00 0.00 42.00 0.00 38.00 0.00 0.00485997
4 18.00 0.00 24.00 0.00 42.00 0.00 36.00 0.00 0.0170399
4 6.00 0.00 14.00 0.00 54.00 0.00 46.00 0.00 0.00368669
4 24.00 0.00 26.00 0.00 36.00 0.00 34.00 0.00 0.0108551
4 14.00 0.00 18.00 0.00 46.00 0.00 42.00 0.00 0.00291815
4 2.00 0.00 10.00 0.00 58.00 0.00 50.00 0.00 0.00206394
4 24.00 0.00 26.00 0.00 38.00 0.00 36.00 0.00 0.00672389
4 28.00 0.00 30.00 0.00 34.00 0.00 32.00 0.00 0.239424
4 10.00 0.00 16.00 0.00 52.00 0.00 46.00 0.00 0.00285546
4 26.00 0.00 28.00 0.00 36.00 0.00 34.00 0.00 0.0246988
4 4.00 0.00 12.00 0.00 60.00 0.00 52.00 0.00 0.00232419
4 24.00 0.00 26.00 0.00 40.00 0.00 38.00 0.00 0.00425295
4 26.00 0.00 28.00 0.00 38.00 0.00 36.00 0.00 0.0127959
4 8.00 0.00 14.00 0.00 56.00 0.00 50.00 0.00 0.00170014
4 0.00 0.00 8.00 0.00 64.00 0.00 56.00 0.00 0.00190562
4 8.00 0.00 16.00 0.00 56.00 0.00 48.00 0.00 0.00349912
4 16.00 0.00 20.00 0.00 48.00 0.00 44.00 0.00 0.00283939
4 20.00 0.00 26.00 0.00 44.00 0.00 38.00 0.00 0.0212278
4 12.00 0.00 20.00 0.00 52.00 0.00 44.00 0.00 0.00747275
4 22.00 0.00 26.00 0.00 42.00 0.00 38.00 0.00 0.0122162
4 28.00 0.00 30.00 0.00 36.00 0.00 34.00 0.00 0.0646776
4 20.00 0.00 24.00 0.00 44.00 0.00 40.00 0.00 0.00653227
4 14.00 0.00 20.00 0.00 50.00 0.00 44.00 0.00 0.0050944
4 18.00 0.00 22.00 0.00 46.00 0.00 42.00 0.00 0.00416488
4 26.00 0.00 28.00 0.00 40.00 0.00 38.00 0.00 0.00726126
4 28.00 0.00 30.00 0.00 38.00 0.00 36.00 0.00 0.0241789
4 12.00 0.00 18.00 0.00 54.00 0.00 48.00 0.00 0.00242255
4 30.00 0.00 32.00 0.00 36.00 0.00 34.00 0.00 0.378103
4 28.00 0.00 30.00 0.00 40.00 0.00 38.00 0.00 0.0114594
4 30.00 0.00 32.00 0.00 38.00 0.00 36.00 0.00 0.0706766
4 10.00 0.00 18.00 0.00 58.00 0.00 50.00 0.00 0.00355388
4 16.00 0.00 22.00 0.00 52.00 0.00 46.00 0.00 0.0041723
4 22.00 0.00 26.00 0.00 46.00 0.00 42.00 0.00 0.00934091
4 22.00 0.00 28.00 0.00 46.00 0.00 40.00 0.00 0.028278
4 20.00 0.00 24.00 0.00 48.00 0.00 44.00 0.00 0.00459878
4 18.00 0.00 22.00 0.00 50.00 0.00 46.00 0.00 0.00233447
4 6.00 0.00 14.00 0.00 62.00 0.00 54.00 0.00 0.00302062
4 24.00 0.00 28.00 0.00 44.00 0.00 40.00 0.00 0.0164833
4 10.00 0.00 16.00 0.00 58.00 0.00 52.00 0.00 0.00189025
4 2.00 0.00 10.00 0.00 66.00 0.00 58.00 0.00 0.00205924
4 14.00 0.00 22.00 0.00 54.00 0.00 46.00 0.00 0.00633182
4 26.00 0.00 28.00 0.00 42.00 0.00 40.00 0.00 0.00526525
4 14.00 0.00 20.00 0.00 56.00 0.00 50.00 0.00 0.00246818
4 32.00 0.00 34.00 0.00 38.00 0.00 36.00 0.00 0.327925
4 30.00 0.00 32.00 0.00 40.00 0.00 38.00 0.00 0.0238047
4 28.00 0.00 30.00 0.00 42.00 0.00 40.00 0.00 0.00741262
4 4.00 0.00 12.00 0.00 68.00 0.00 60.00 0.00 0.00199361
4 16.00 0.00 24.00 0.00 56.00 0.00 48.00 0.00 0.00626777
4 20.00 0.00 24.00 0.00 52.00 0.00 48.00 0.00 0.0021247
4 24.00 0.00 28.00 0.00 48.00 0.00 44.00 0.00 0.0102544
4 28.00 0.00 30.00 0.00 44.00 0.00 42.00 0.00 0.00608164
4 8.00 0.00 16.00 0.00 64.00 0.00 56.00 0.00 0.00324338
4 12.00 0.00 20.00 0.00 60.00 0.00 52.00 0.00 0.00395584
4 18.00 0.00 24.00 0.00 54.00 0.00 48.00 0.00 0.00398812
4 24.00 0.00 30.00 0.00 48.00 0.00 42.00 0.00 0.0312885
4 32.00 0.00 34.00 0.00 40.00 0.00 38.00 0.00 0.0734071
4 22.00 0.00 26.00 0.00 50.00 0.00 46.00 0.00 0.00483426
4 12.00 0.00 18.00 0.00 60.00 0.00 54.00 0.00 0.00208092
4 26.00 0.00 30.00 0.00 46.00 0.00 42.00 0.00 0.0186094
4 30.00 0.00 32.00 0.00 42.00 0.00 40.00 0.00 0.0126049
4 16.00 0.00 22.00 0.00 58.00 0.00 52.00 0.00 0.00253853
4 30.00 0.00 32.00 0.00 44.00 0.00 42.00 0.00 0.00922151
4 34.00 0.00 36.00 0.00 40.00 0.00 38.00 0.00 0.281101
4 32.00 0.00 34.00 0.00 42.00 0.00 40.00 0.00 0.0319153
4 10.00 0.00 18.00 0.00 66.00 0.00 58.00 0.00 0.00327487
4 20.00 0.00 26.00 0.00 56.00 0.00 50.00 0.00 0.00471849
4 24.00 0.00 28.00 0.00 52.00 0.00 48.00 0.00 0.00434155
4 32.00 0.00 34.00 0.00 44.00 0.00 42.00 0.00 0.0199783
4 28.00 0.00 32.00 0.00 48.00 0.00 44.00 0.00 0.0167092
4 22.00 0.00 26.00 0.00 54.00 0.00 50.00 0.00 0.00250881
4 18.00 0.00 26.00 0.00 58.00 0.00 50.00 0.00 0.00725178
4 26.00 0.00 30.00 0.00 50.00 0.00 46.00 0.00 0.00831354
4 30.00 0.00 32.00 0.00 46.00 0.00 44.00 0.00 0.00592064
4 14.00 0.00 20.00 0.00 62.00 0.00 56.00 0.00 0.00248586
4 14.00 0.00 22.00 0.00 62.00 0.00 54.00 0.00 0.00457864
4 6.00 0.00 14.00 0.00 70.00 0.00 62.00 0.00 0.00161241
4 26.00 0.00 32.00 0.00 50.00 0.00 44.00 0.00 0.0277519
4 34.00 0.00 36.00 0.00 42.00 0.00 40.00 0.00 0.0819796
4 34.00 0.00 36.00 0.00 44.00 0.00 42.00 0.00 0.0421085
4 18.00 0.00 24.00 0.00 60.00 0.00 54.00 0.00 0.00316175
4 32.00 0.00 34.00 0.00 46.00 0.00 44.00 0.00 0.0114929
4 36.00 0.00 38.00 0.00 42.00 0.00 40.00 0.00 0.323222
4 28.00 0.00 32.00 0.00 52.00 0.00 48.00 0.00 0.00604219
4 32.00 0.00 34.00 0.00 48.00 0.00 46.00 0.00 0.0065983
4 36.00 0.00 38.00 0.00 44.00 0.00 42.00 0.00 0.106313
4 16.00 0.00 24.00 0.00 64.00 0.00 56.00 0.00 0.00514088
4 28.00 0.00 34.00 0.00 52.00 0.00 46.00 0.00 0.0246876
4 8.00 0.00 16.00 0.00 72.00 0.00 64.00 0.00 0.00135176
4 22.00 0.00 28.00 0.00 58.00 0.00 52.00 0.00 0.0059108
4 26.00 0.00 30.00 0.00 54.00 0.00 50.00 0.00 0.00389984
4 12.00 0.00 20.00 0.00 68.00 0.00 60.00 0.00 0.00311679
4 20.00 0.00 28.00 0.00 60.00 0.00 52.00 0.00 0.00880385
4 30.00 0.00 34.00 0.00 50.00 0.00 46.00 0.00 0.0156977
4 34.00 0.00 36.00 0.00 46.00 0.00 44.00 0.00 0.0211079
4 24.00 0.00 28.00 0.00 56.00 0.00 52.00 0.00 0.00314443
4 16.00 0.00 22.00 0.00 64.00 0.00 58.00 0.00 0.00253929
4 38.00 0.00 40.00 0.00 44.00 0.00 42.00 0.00 0.360277
4 36.00 0.00 38.00 0.00 46.00 0.00 44.00 0.00 0.042791
4 20.00 0.00 26.00 0.00 62.00 0.00 56.00 0.00 0.00438303
4 34.00 0.00 36.00 0.00 48.00 0.00 46.00 0.00 0.0110416
4 10.00 0.00 18.00 0.00 74.00 0.00 66.00 0.00 0.00110963
4 14.00 0.00 22.00 0.00 70.00 0.00 62.00 0.00 0.00225434
4 22.00 0.00 30.00 0.00 62.00 0.00 54.00 0.00 0.0111731
4 26.00 0.00 30.00 0.00 58.00 0.00 54.00 0.00 0.00325033
4 24.00 0.00 30.00 0.00 60.00 0.00 54.00 0.00 0.00649447
4 30.00 0.00 34.00 0.00 54.00 0.00 50.00 0.00 0.006234
4 34.00 0.00 36.00 0.00 50.00 0.00 48.00 0.00 0.005264
4 18.00 0.00 26.00 0.00 66.00 0.00 58.00 0.00 0.00591193
4 30.00 0.00 36.00 0.00 54.00 0.00 48.00 0.00 0.0224143
4 28.00 0.00 32.00 0.00 56.00 0.00 52.00 0.00 0.00392642
4 18.00 0.00 24.00 0.00 66.00 0.00 60.00 0.00 0.00277928
4 32.00 0.00 36.00 0.00 52.00 0.00 48.00 0.00 0.013979
4 36.00 0.00 38.00 0.00 48.00 0.00 46.00 0.00 0.0195969
4 38.00 0.00 40.00 0.00 46.00 0.00 44.00 0.00 0.0908417
4 22.00 0.00 28.00 0.00 64.00 0.00 58.00 0.00 0.00540018
4 36.00 0.00 38.00 0.00 50.00 0.00 48.00 0.00 0.00853547
4 38.00 0.00 40.00 0.00 48.00 0.00 46.00 0.00 0.0339659
4 40.00 0.00 42.00 0.00 46.00 0.00 44.00 0.00 0.313617
4 28.00 0.00 32.00 0.00 60.00 0.00 56.00 0.00 0.00298936
4 30.00 0.00 34.00 0.00 58.00 0.00 54.00 0.00 0.0046071
4 40.00 0.00 42.00 0.00 48.00 0.00 46.00 0.00 0.0779549
4 12.00 0.00 20.00 0.00 76.00 0.00 68.00 0.00 0.00104409
4 16.00 0.00 24.00 0.00 72.00 0.00 64.00 0.00 0.00197766
4 24.00 0.00 32.00 0.00 64.00 0.00 56.00 0.00 0.0112432
4 34.00 0.00 38.00 0.00 54.00 0.00 50.00 0.00 0.0138917
4 20.00 0.00 26.00 0.00 68.00 0.00 62.00 0.00 0.00227954
4 36.00 0.00 38.00 0.00 52.00 0.00 50.00 0.00 0.00490239
4 38.00 0.00 40.00 0.00 50.00 0.00 48.00 0.00 0.0131189
4 26.00 0.00 32.00 0.00 62.00 0.00 56.00 0.00 0.00725663
4 32.00 0.00 36.00 0.00 56.00 0.00 52.00 0.00 0.00771375
4 20.00 0.00 28.00 0.00 68.00 0.00 60.00 0.00 0.00619682
4 32.00 0.00 38.00 0.00 56.00 0.00 50.00 0.00 0.0243758
4 24.00 0.00 30.00 0.00 66.00 0.00 60.00 0.00 0.00521912
4 42.00 0.00 44.00 0.00 48.00 0.00 46.00 0.00 0.325253
4 38.00 0.00 40.00 0.00 52.00 0.00 50.00 0.00 0.00697857
4 40.00 0.00 42.00 0.00 50.00 0.00 48.00 0.00 0.0250228
4 28.00 0.00 34.00 0.00 64.00 0.00 58.00 0.00 0.00759334
4 32.00 0.00 36.00 0.00 60.00 0.00 56.00 0.00 0.0052357
4 34.00 0.00 38.00 0.00 58.00 0.00 54.00 0.00 0.00885455
4 22.00 0.00 30.00 0.00 70.00 0.00 62.00 0.00 0.00480882
4 36.00 0.00 40.00 0.00 56.00 0.00 52.00 0.00 0.0147906
4 42.00 0.00 44.00 0.00 50.00 0.00 48.00 0.00 0.0694592
4 38.00 0.00 40.00 0.00 54.00 0.00 52.00 0.00 0.00459949
4 14.00 0.00 22.00 0.00 78.00 0.00 70.00 0.00 0.000903063
4 30.00 0.00 34.00 0.00 62.00 0.00 58.00 0.00 0.00421829
4 18.00 0.00 26.00 0.00 74.00 0.00 66.00 0.00 0.00184115
4 34.00 0.00 40.00 0.00 58.00 0.00 52.00 0.00 0.0256013
4 26.00 0.00 34.00 0.00 66.00 0.00 58.00 0.00 0.0113988
4 22.00 0.00 28.00 0.00 70.00 0.00 64.00 0.00 0.00217859
4 40.00 0.00 42.00 0.00 52.00 0.00 50.00 0.00 0.0118943
4 40.00 0.00 42.00 0.00 54.00 0.00 52.00 0.00 0.00726195
4 26.00 0.00 32.00 0.00 68.00 0.00 62.00 0.00 0.00343047
4 44.00 0.00 46.00 0.00 50.00 0.00 48.00 0.00 0.284492
4 42.00 0.00 44.00 0.00 52.00 0.00 50.00 0.00 0.0274113
4 42.00 0.00 44.00 0.00 54.00 0.00 52.00 0.00 0.0148592
4 30.00 0.00 36.00 0.00 66.00 0.00 60.00 0.00 0.00788509
4 16.00 0.00 24.00 0.00 80.00 0.00 72.00 0.00 0.000982602
4 34.00 0.00 38.00 0.00 62.00 0.00 58.00 0.00 0.00728903
4 20.00 0.00 28.00 0.00 76.00 0.00 68.00 0.00 0.00186969
4 24.00 0.00 30.00 0.00 72.00 0.00 66.00 0.00 0.00175913
4 36.00 0.00 40.00 0.00 60.00 0.00 56.00 0.00 0.0087436
4 24.00 0.00 32.00 0.00 72.00 0.00 64.00 0.00 0.00378142
4 32.00 0.00 36.00 0.00 64.00 0.00 60.00 0.00 0.00488892
4 38.00 0.00 42.00 0.00 58.00 0.00 54.00 0.00 0.0156258
4 40.00 0.00 42.00 0.00 56.00 0.00 54.00 0.00 0.00559828
4 36.00 0.00 42.00 0.00 60.00 0.00 54.00 0.00 0.0277165
4 28.00 0.00 36.00 0.00 68.00 0.00 60.00 0.00 0.0108957
4 44.00 0.00 46.00 0.00 52.00 0.00 50.00 0.00 0.0723823
4 44.00 0.00 46.00 0.00 54.00 0.00 52.00 0.00 0.0318873
4 42.00 0.00 44.00 0.00 56.00 0.00 54.00 0.00 0.0103927
4 46.00 0.00 48.00 0.00 52.00 0.00 50.00 0.00 0.29833
4 28.00 0.00 34.00 0.00 70.00 0.00 64.00 0.00 0.00275695
4 40.00 0.00 44.00 0.00 60.00 0.00 56.00 0.00 0.0178109
4 46.00 0.00 48.00 0.00 54.00 0.00 52.00 0.00 0.0862485
4 32.00 0.00 38.00 0.00 68.00 0.00 62.00 0.00 0.00594569
4 22.00 0.00 30.00 0.00 78.00 0.00 70.00 0.00 0.00176516
4 26.00 0.00 32.00 0.00 74.00 0.00 68.00 0.00 0.00138984
4 44.00 0.00 46.00 0.00 56.00 0.00 54.00 0.00 0.0186426
4 38.00 0.00 42.00 0.00 62.00 0.00 58.00 0.00 0.0111804
4 34.00 0.00 38.00 0.00 66.00 0.00 62.00 0.00 0.00346207
4 36.00 0.00 40.00 0.00 64.00 0.00 60.00 0.00 0.00728912
4 18.00 0.00 26.00 0.00 82.00 0.00 74.00 0.00 0.00113267
4 42.00 0.00 44.00 0.00 58.00 0.00 56.00 0.00 0.00633571
4 26.00 0.00 34.00 0.00 74.00 0.00 66.00 0.00 0.00307328
4 38.00 0.00 44.00 0.00 62.00 0.00 56.00 0.00 0.0341078
4 30.00 0.00 38.00 0.00 70.00 0.00 62.00 0.00 0.00836726
4 30.00 0.00 36.00 0.00 72.00 0.00 66.00 0.00 0.00238451
4 48.00 0.00 50.00 0.00 54.00 0.00 52.00 0.00 0.295721
4 46.00 0.00 48.00 0.00 56.00 0.00 54.00 0.00 0.0393357
4 44.00 0.00 46.00 0.00 58.00 0.00 56.00 0.00 0.00999232
4 40.00 0.00 46.00 0.00 64.00 0.00 58.00 0.00 0.0386321
4 28.00 0.00 36.00 0.00 76.00 0.00 68.00 0.00 0.00280606
4 34.00 0.00 40.00 0.00 70.00 0.00 64.00 0.00 0.00489764
4 38.00 0.00 42.00 0.00 66.00 0.00 62.00 0.00 0.00488327
4 20.00 0.00 28.00 0.00 84.00 0.00 76.00 0.00 0.0012069
4 42.00 0.00 46.00 0.00 62.00 0.00 58.00 0.00 0.0247633
4 48.00 0.00 50.00 0.00 56.00 0.00 54.00 0.00 0.0811888
4 40.00 0.00 44.00 0.00 64.00 0.00 60.00 0.00 0.0131344
4 36.00 0.00 40.00 0.00 68.00 0.00 64.00 0.00 0.00266529
4 24.00 0.00 32.00 0.00 80.00 0.00 72.00 0.00 0.00171206
4 32.00 0.00 40.00 0.00 72.00 0.00 64.00 0.00 0.00696375
4 44.00 0.00 46.00 0.00 60.00 0.00 58.00 0.00 0.00704516
4 46.00 0.00 48.00 0.00 58.00 0.00 56.00 0.00 0.0176454
4 28.00 0.00 34.00 0.00 76.00 0.00 70.00 0.00 0.00119252
4 50.00 0.00 52.00 0.00 56.00 0.00 54.00 0.00 0.316587
4 32.00 0.00 38.00 0.00 74.00 0.00 68.00 0.00 0.00219812
4 46.00 0.00 48.00 0.00 60.00 0.00 58.00 0.00 0.0108783
4 48.00 0.00 50.00 0.00 58.00 0.00 56.00 0.00 0.0285184
4 40.00 0.00 44.00 0.00 68.00 0.00 64.00 0.00 0.00441333
4 34.00 0.00 42.00 0.00 74.00 0.00 66.00 0.00 0.00580569
4 30.00 0.00 36.00 0.00 78.00 0.00 72.00 0.00 0.00125458
4 44.00 0.00 48.00 0.00 64.00 0.00 60.00 0.00 0.0253904
4 36.00 0.00 42.00 0.00 72.00 0.00 66.00 0.00 0.00402469
4 30.00 0.00 38.00 0.00 78.00 0.00 70.00 0.00 0.00264114
4 46.00 0.00 48.00 0.00 62.00 0.00 60.00 0.00 0.0104776
4 22.00 0.00 30.00 0.00 86.00 0.00 78.00 0.00 0.00129513
4 26.00 0.00 34.00 0.00 82.00 0.00 74.00 0.00 0.00173478
4 48.00 0.00 50.00 0.00 60.00 0.00 58.00 0.00 0.0148753
4 50.00 0.00 52.00 0.00 58.00 0.00 56.00 0.00 0.0677095
4 42.00 0.00 46.00 0.00 66.00 0.00 62.00 0.00 0.00948892
4 38.00 0.00 42.00 0.00 70.00 0.00 66.00 0.00 0.00223308
4 42.00 0.00 48.00 0.00 66.00 0.00 60.00 0.00 0.0396258
4 34.00 0.00 40.00 0.00 76.00 0.00 70.00 0.00 0.00194537
4 50.00 0.00 52.00 0.00 60.00 0.00 58.00 0.00 0.0276074
4 48.00 0.00 50.00 0.00 62.00 0.00 60.00 0.00 0.0126436
4 52.00 0.00 54.00 0.00 58.00 0.00 56.00 0.00 0.285271
4 44.00 0.00 48.00 0.00 68.00 0.00 64.00 0.00 0.00735065
4 48.00 0.00 50.00 0.00 64.00 0.00 62.00 0.00 0.00468254
4 28.00 0.00 36.00 0.00 84.00 0.00 76.00 0.00 0.00166226
4 44.00 0.00 50.00 0.00 68.00 0.00 62.00 0.00 0.0237745
4 36.00 0.00 44.00 0.00 76.00 0.00 68.00 0.00 0.00571579
4 24.00 0.00 32.00 0.00 88.00 0.00 80.00 0.00 0.00138323
4 52.00 0.00 54.00 0.00 60.00 0.00 58.00 0.00 0.0726263
4 42.00 0.00 46.00 0.00 70.00 0.00 66.00 0.00 0.00407007
4 46.00 0.00 50.00 0.00 66.00 0.00 62.00 0.00 0.014163
4 50.00 0.00 52.00 0.00 62.00 0.00 60.00 0.00 0.020267
4 32.00 0.00 40.00 0.00 80.00 0.00 72.00 0.00 0.00272293
4 38.00 0.00 44.00 0.00 74.00 0.00 68.00 0.00 0.00375667
4 32.00 0.00 38.00 0.00 80.00 0.00 74.00 0.00 0.00143948
4 40.00 0.00 44.00 0.00 72.00 0.00 68.00 0.00 0.00221567
4 50.00 0.00 52.00 0.00 64.00 0.00 62.00 0.00 0.00653473
4 54.00 0.00 56.00 0.00 60.00 0.00 58.00 0.00 0.371267
4 36.00 0.00 42.00 0.00 78.00 0.00 72.00 0.00 0.0019593
4 52.00 0.00 54.00 0.00 62.00 0.00 60.00 0.00 0.0429086
4 34.00 0.00 42.00 0.00 82.00 0.00 74.00 0.00 0.00288732
4 48.00 0.00 52.00 0.00 68.00 0.00 64.00 0.00 0.00960316
4 42.00 0.00 46.00 0.00 74.00 0.00 70.00 0.00 0.00187579
4 46.00 0.00 50.00 0.00 70.00 0.00 66.00 0.00 0.0053749
4 50.00 0.00 52.00 0.00 66.00 0.00 64.00 0.00 0.00347048
4 30.00 0.00 38.00 0.00 86.00 0.00 78.00 0.00 0.00178329
4 46.00 0.00 52.00 0.00 70.00 0.00 64.00 0.00 0.0173739
4 54.00 0.00 56.00 0.00 62.00 0.00 60.00 0.00 0.131485
4 38.00 0.00 46.00 0.00 78.00 0.00 70.00 0.00 0.00538455
4 34.00 0.00 40.00 0.00 82.00 0.00 76.00 0.00 0.00139498
4 40.00 0.00 46.00 0.00 76.00 0.00 70.00 0.00 0.00357956
4 44.00 0.00 48.00 0.00 72.00 0.00 68.00 0.00 0.00342717
4 52.00 0.00 54.00 0.00 64.00 0.00 62.00 0.00 0.0117435
4 26.00 0.00 34.00 0.00 90.00 0.00 82.00 0.00 0.00144523
4 38.00 0.00 44.00 0.00 80.00 0.00 74.00 0.00 0.00228815
4 52.00 0.00 54.00 0.00 66.00 0.00 64.00 0.00 0.00570945
4 56.00 0.00 58.00 0.00 62.00 0.00 60.00 0.00 0.432676
4 54.00 0.00 56.00 0.00 64.00 0.00 62.00 0.00 0.0292039
4 36.00 0.00 42.00 0.00 84.00 0.00 78.00 0.00 0.00139189
4 28.00 0.00 36.00 0.00 92.00 0.00 84.00 0.00 0.00149999
4 42.00 0.00 48.00 0.00 78.00 0.00 72.00 0.00 0.00368671
4 46.00 0.00 50.00 0.00 74.00 0.00 70.00 0.00 0.00226243
4 40.00 0.00 48.00 0.00 80.00 0.00 72.00 0.00 0.00560571
4 36.00 0.00 44.00 0.00 84.00 0.00 76.00 0.00 0.00303115
4 50.00 0.00 54.00 0.00 70.00 0.00 66.00 0.00 0.00837651
4 54.00 0.00 56.00 0.00 66.00 0.00 64.00 0.00 0.0126833
4 44.00 0.00 48.00 0.00 76.00 0.00 72.00 0.00 0.00185068
4 48.00 0.00 52.00 0.00 72.00 0.00 68.00 0.00 0.00395454
4 52.00 0.00 54.00 0.00 68.00 0.00 66.00 0.00 0.002993
4 32.00 0.00 40.00 0.00 88.00 0.00 80.00 0.00 0.00202065
4 48.00 0.00 54.00 0.00 72.00 0.00 66.00 0.00 0.0135513
4 56.00 0.00 58.00 0.00 64.00 0.00 62.00 0.00 0.0639433
4 58.00 0.00 60.00 0.00 64.00 0.00 62.00 0.00 0.22074
4 56.00 0.00 58.00 0.00 66.00 0.00 64.00 0.00 0.0242501
4 40.00 0.00 46.00 0.00 82.00 0.00 76.00 0.00 0.00240846
4 54.00 0.00 56.00 0.00 68.00 0.00 66.00 0.00 0.00613969
4 34.00 0.00 42.00 0.00 90.00 0.00 82.00 0.00 0.00223573
4 38.00 0.00 44.00 0.00 86.00 0.00 80.00 0.00 0.00156457
4 50.00 0.00 56.00 0.00 74.00 0.00 68.00 0.00 0.0136281
4 30.00 0.00 38.00 0.00 94.00 0.00 86.00 0.00 0.00155751
4 48.00 0.00 52.00 0.00 76.00 0.00 72.00 0.00 0.00192852
4 52.00 0.00 56.00 0.00 72.00 0.00 68.00 0.00 0.00907611
4 56.00 0.00 58.00 0.00 68.00 0.00 66.00 0.00 0.0105719
4 58.00 0.00 60.00 0.00 66.00 0.00 64.00 0.00 0.0620674
4 42.00 0.00 50.00 0.00 82.00 0.00 74.00 0.00 0.0055981
4 38.00 0.00 46.00 0.00 86.00 0.00 78.00 0.00 0.00331285
4 46.00 0.00 50.00 0.00 78.00 0.00 74.00 0.00 0.00173664
4 44.00 0.00 50.00 0.00 80.00 0.00 74.00 0.00 0.00355289
4 50.00 0.00 54.00 0.00 74.00 0.00 70.00 0.00 0.0030244
4 54.00 0.00 56.00 0.00 70.00 0.00 68.00 0.00 0.00396954
4 58.00 0.00 60.00 0.00 68.00 0.00 66.00 0.00 0.0242298
4 60.00 0.00 62.00 0.00 66.00 0.00 64.00 0.00 0.591164
4 42.00 0.00 48.00 0.00 84.00 0.00 78.00 0.00 0.00246486
4 56.00 0.00 58.00 0.00 70.00 0.00 68.00 0.00 0.00631786
4 40.00 0.00 46.00 0.00 88.00 0.00 82.00 0.00 0.00199616
4 32.00 0.00 40.00 0.00 96.00 0.00 88.00 0.00 0.00143278
4 56.00 0.00 58.00 0.00 72.00 0.00 70.00 0.00 0.00291303
4 58.00 0.00 60.00 0.00 70.00 0.00 68.00 0.00 0.0130806
4 46.00 0.00 52.00 0.00 82.00 0.00 76.00 0.00 0.00300947
4 52.00 0.00 56.00 0.00 76.00 0.00 72.00 0.00 0.00373075
4 40.00 0.00 48.00 0.00 88.00 0.00 80.00 0.00 0.00378842
4 36.00 0.00 44.00 0.00 92.00 0.00 84.00 0.00 0.00258135
4 52.00 0.00 58.00 0.00 76.00 0.00 70.00 0.00 0.0129377
4 48.00 0.00 52.00 0.00 80.00 0.00 76.00 0.00 0.00142818
4 50.00 0.00 54.00 0.00 78.00 0.00 74.00 0.00 0.00211045
4 60.00 0.00 62.00 0.00 68.00 0.00 66.00 0.00 0.133448
4 44.00 0.00 52.00 0.00 84.00 0.00 76.00 0.00 0.00491424
4 54.00 0.00 58.00 0.00 74.00 0.00 70.00 0.00 0.00778211
4 44.00 0.00 50.00 0.00 86.00 0.00 80.00 0.00 0.00227951
4 62.00 0.00 64.00 0.00 68.00 0.00 66.00 0.00 0.548668
4 58.00 0.00 60.00 0.00 72.00 0.00 70.00 0.00 0.00544537
4 60.00 0.00 62.00 0.00 70.00 0.00 68.00 0.00 0.05647
4 50.00 0.00 54.00 0.00 82.00 0.00 78.00 0.00 0.00141045
4 54.00 0.00 60.00 0.00 78.00 0.00 72.00 0.00 0.0148046
4 46.00 0.00 54.00 0.00 86.00 0.00 78.00 0.00 0.00467336
4 42.00 0.00 48.00 0.00 90.00 0.00 84.00 0.00 0.0023143
4 60.00 0.00 62.00 0.00 72.00 0.00 70.00 0.00 0.0201323
4 48.00 0.00 54.00 0.00 84.00 0.00 78.00 0.00 0.00274334
4 52.00 0.00 56.00 0.00 80.00 0.00 76.00 0.00 0.00254024
4 34.00 0.00 42.00 0.00 98.00 0.00 90.00 0.00 0.00129293
4 54.00 0.00 58.00 0.00 78.00 0.00 74.00 0.00 0.00469515
4 42.00 0.00 50.00 0.00 90.00 0.00 82.00 0.00 0.00395009
4 38.00 0.00 46.00 0.00 94.00 0.00 86.00 0.00 0.00273361
4 56.00 0.00 60.00 0.00 76.00 0.00 72.00 0.00 0.00870852
4 62.00 0.00 64.00 0.00 70.00 0.00 68.00 0.00 0.142827
4 58.00 0.00 60.00 0.00 74.00 0.00 72.00 0.00 0.00292527
4 62.00 0.00 64.00 0.00 72.00 0.00 70.00 0.00 0.0389478
4 60.00 0.00 62.00 0.00 74.00 0.00 72.00 0.00 0.00953168
4 46.00 0.00 52.00 0.00 88.00 0.00 82.00 0.00 0.00230877
4 64.00 0.00 66.00 0.00 70.00 0.00 68.00 0.00 0.532351
4 60.00 0.00 62.00 0.00 76.00 0.00 74.00 0.00 0.00749622
4 56.00 0.00 62.00 0.00 80.00 0.00 74.00 0.00 0.0252855
4 48.00 0.00 56.00 0.00 88.00 0.00 80.00 0.00 0.005302
4 36.00 0.00 44.00 0.00 100.00 0.00 92.00 0.00 0.0013433
4 64.00 0.00 66.00 0.00 72.00 0.00 70.00 0.00 0.0929147
4 50.00 0.00 56.00 0.00 86.00 0.00 80.00 0.00 0.00317639
4 62.00 0.00 64.00 0.00 74.00 0.00 72.00 0.00 0.0149433
4 54.00 0.00 58.00 0.00 82.00 0.00 78.00 0.00 0.00291479
4 40.00 0.00 48.00 0.00 96.00 0.00 88.00 0.00 0.00254666
4 44.00 0.00 50.00 0.00 92.00 0.00 86.00 0.00 0.00212776
4 56.00 0.00 60.00 0.00 80.00 0.00 76.00 0.00 0.00519969
4 44.00 0.00 52.00 0.00 92.00 0.00 84.00 0.00 0.00377342
4 52.00 0.00 56.00 0.00 84.00 0.00 80.00 0.00 0.00166888
4 58.00 0.00 62.00 0.00 78.00 0.00 74.00 0.00 0.0166134
4 62.00 0.00 64.00 0.00 76.00 0.00 74.00 0.00 0.0100332
4 66.00 0.00 68.00 0.00 72.00 0.00 70.00 0.00 0.342644
4 48.00 0.00 54.00 0.00 90.00 0.00 84.00 0.00 0.00233948
4 64.00 0.00 66.00 0.00 74.00 0.00 72.00 0.00 0.028095
4 42.00 0.00 50.00 0.00 98.00 0.00 90.00 0.00 0.00215335
4 46.00 0.00 52.00 0.00 94.00 0.00 88.00 0.00 0.00163962
4 64.00 0.00 66.00 0.00 76.00 0.00 74.00 0.00 0.0158547
4 58.00 0.00 62.00 0.00 82.00 0.00 78.00 0.00 0.00879302
4 54.00 0.00 58.00 0.00 86.00 0.00 82.00 0.00 0.00206484
4 56.00 0.00 60.00 0.00 84.00 0.00 80.00 0.00 0.00317213
4 62.00 0.00 64.00 0.00 78.00 0.00 76.00 0.00 0.00579651
4 46.00 0.00 54.00 0.00 94.00 0.00 86.00 0.00 0.0034655
4 58.00 0.00 64.00 0.00 82.00 0.00 76.00 0.00 0.0280812
4 50.00 0.00 58.00 0.00 90.00 0.00 82.00 0.00 0.00627085
4 60.00 0.00 64.00 0.00 80.00 0.00 76.00 0.00 0.0184002
4 66.00 0.00 68.00 0.00 74.00 0.00 72.00 0.00 0.0639037
4 38.00 0.00 46.00 0.00 102.00 0.00 94.00 0.00 0.00134781
4 52.00 0.00 58.00 0.00 88.00 0.00 82.00 0.00 0.0041437
4 66.00 0.00 68.00 0.00 76.00 0.00 74.00 0.00 0.028189
4 64.00 0.00 66.00 0.00 78.00 0.00 76.00 0.00 0.00814818
4 50.00 0.00 56.00 0.00 92.00 0.00 86.00 0.00 0.00270833
4 68.00 0.00 70.00 0.00 74.00 0.00 72.00 0.00 0.300021
4 44.00 0.00 52.00 0.00 100.00 0.00 92.00 0.00 0.00187247
4 52.00 0.00 60.00 0.00 92.00 0.00 84.00 0.00 0.00760912
4 64.00 0.00 66.00 0.00 80.00 0.00 78.00 0.00 0.00530703
4 66.00 0.00 68.00 0.00 78.00 0.00 76.00 0.00 0.012288
4 48.00 0.00 54.00 0.00 96.00 0.00 90.00 0.00 0.00134629
4 60.00 0.00 66.00 0.00 84.00 0.00 78.00 0.00 0.0286758
4 48.00 0.00 56.00 0.00 96.00 0.00 88.00 0.00 0.00320877
4 54.00 0.00 60.00 0.00 90.00 0.00 84.00 0.00 0.00535445
4 58.00 0.00 62.00 0.00 86.00 0.00 82.00 0.00 0.00574814
4 40.00 0.00 48.00 0.00 104.00 0.00 96.00 0.00 0.00135867
4 62.00 0.00 66.00 0.00 82.00 0.00 78.00 0.00 0.0156689
4 68.00 0.00 70.00 0.00 76.00 0.00 74.00 0.00 0.0754553
4 60.00 0.00 64.00 0.00 84.00 0.00 80.00 0.00 0.00968398
4 56.00 0.00 60.00 0.00 88.00 0.00 84.00 0.00 0.00281906
4 52.00 0.00 58.00 0.00 94.00 0.00 88.00 0.00 0.00274241
4 66.00 0.00 68.00 0.00 80.00 0.00 78.00 0.00 0.00716456
4 68.00 0.00 70.00 0.00 78.00 0.00 76.00 0.00 0.0261089
4 70.00 0.00 72.00 0.00 76.00 0.00 74.00 0.00 0.254434
4 50.00 0.00 58.00 0.00 98.00 0.00 90.00 0.00 0.00307617
4 66.00 0.00 68.00 0.00 82.00 0.00 80.00 0.00 0.0043479
4 42.00 0.00 50.00 0.00 106.00 0.00 98.00 0.00 0.00129244
4 46.00 0.00 54.00 0.00 102.00 0.00 94.00 0.00 0.00162878
4 68.00 0.00 70.00 0.00 80.00 0.00 78.00 0.00 0.0131981
4 70.00 0.00 72.00 0.00 78.00 0.00 76.00 0.00 0.04704
4 62.00 0.00 66.00 0.00 86.00 0.00 82.00 0.00 0.0085155
4 58.00 0.00 62.00 0.00 90.00 0.00 86.00 0.00 0.00532461
4 62.00 0.00 68.00 0.00 86.00 0.00 80.00 0.00 0.0245944
4 60.00 0.00 64.00 0.00 88.00 0.00 84.00 0.00 0.0080266
4 54.00 0.00 62.00 0.00 94.00 0.00 86.00 0.00 0.0116042
4 50.00 0.00 56.00 0.00 98.00 0.00 92.00 0.00 0.00133362
4 64.00 0.00 68.00 0.00 84.00 0.00 80.00 0.00 0.0132615
4 56.00 0.00 62.00 0.00 92.00 0.00 86.00 0.00 0.00848307
4 70.00 0.00 72.00 0.00 80.00 0.00 78.00 0.00 0.0198645
4 68.00 0.00 70.00 0.00 82.00 0.00 80.00 0.00 0.00731403
4 72.00 0.00 74.00 0.00 78.00 0.00 76.00 0.00 0.178385
4 54.00 0.00 60.00 0.00 96.00 0.00 90.00 0.00 0.00285836
4 44.00 0.00 52.00 0.00 108.00 0.00 100.00 0.00 0.00105781
4 72.00 0.00 74.00 0.00 80.00 0.00 78.00 0.00 0.0391761
4 62.00 0.00 66.00 0.00 90.00 0.00 86.00 0.00 0.00701504
4 66.00 0.00 70.00 0.00 86.00 0.00 82.00 0.00 0.0140043
4 70.00 0.00 72.00 0.00 82.00 0.00 80.00 0.00 0.00985122
4 52.00 0.00 60.00 0.00 100.00 0.00 92.00 0.00 0.00343192
4 58.00 0.00 64.00 0.00 94.00 0.00 88.00 0.00 0.00854007
4 52.00 0.00 58.00 0.00 100.00 0.00 94.00 0.00 0.00150824
4 60.00 0.00 64.00 0.00 92.00 0.00 88.00 0.00 0.00526795
4 64.00 0.00 68.00 0.00 88.00 0.00 84.00 0.00 0.00911375
4 68.00 0.00 70.00 0.00 84.00 0.00 82.00 0.00 0.0047626
4 48.00 0.00 56.00 0.00 104.00 0.00 96.00 0.00 0.00161777
4 64.00 0.00 70.00 0.00 88.00 0.00 82.00 0.00 0.026597
4 56.00 0.00 64.00 0.00 96.00 0.00 88.00 0.00 0.0116179
4 74.00 0.00 76.00 0.00 80.00 0.00 78.00 0.00 0.226184
4 56.00 0.00 62.00 0.00 98.00 0.00 92.00 0.00 0.00383808
4 72.00 0.00 74.00 0.00 82.00 0.00 80.00 0.00 0.0161621
4 70.00 0.00 72.00 0.00 84.00 0.00 82.00 0.00 0.00595218
4 66.00 0.00 72.00 0.00 90.00 0.00 84.00 0.00 0.0267926
4 74.00 0.00 76.00 0.00 82.00 0.00 80.00 0.00 0.0509797
4 58.00 0.00 66.00 0.00 98.00 0.00 90.00 0.00 0.0106115
4 54.00 0.00 60.00 0.00 102.00 0.00 96.00 0.00 0.00168457
4 60.00 0.00 66.00 0.00 96.00 0.00 90.00 0.00 0.00783428
4 64.00 0.00 68.00 0.00 92.00 0.00 88.00 0.00 0.00535691
4 72.00 0.00 74.00 0.00 84.00 0.00 82.00 0.00 0.008794
4 46.00 0.00 54.00 0.00 110.00 0.00 102.00 0.00 0.00105086
4 54.00 0.00 62.00 0.00 102.00 0.00 94.00 0.00 0.00473408
4 68.00 0.00 72.00 0.00 88.00 0.00 84.00 0.00 0.0154664
4 62.00 0.00 66.00 0.00 94.00 0.00 90.00 0.00 0.00371007
4 66.00 0.00 70.00 0.00 90.00 0.00 86.00 0.00 0.00987324
4 70.00 0.00 72.00 0.00 86.00 0.00 84.00 0.00 0.00436618
4 50.00 0.00 58.00 0.00 106.00 0.00 98.00 0.00 0.00172881
4 74.00 0.00 76.00 0.00 84.00 0.00 82.00 0.00 0.0223143
4 58.00 0.00 64.00 0.00 100.00 0.00 94.00 0.00 0.00429156
4 72.00 0.00 74.00 0.00 86.00 0.00 84.00 0.00 0.00597452
4 76.00 0.00 78.00 0.00 82.00 0.00 80.00 0.00 0.215693
4 64.00 0.00 68.00 0.00 96.00 0.00 92.00 0.00 0.00298389
4 68.00 0.00 72.00 0.00 92.00 0.00 88.00 0.00 0.00791035
4 72.00 0.00 74.00 0.00 88.00 0.00 86.00 0.00 0.00491456
4 52.00 0.00 60.00 0.00 108.00 0.00 100.00 0.00 0.00178038
4 68.00 0.00 74.00 0.00 92.00 0.00 86.00 0.00 0.0250249
4 76.00 0.00 78.00 0.00 84.00 0.00 82.00 0.00 0.0569124
4 56.00 0.00 62.00 0.00 104.00 0.00 98.00 0.00 0.00260002
4 48.00 0.00 56.00 0.00 112.00 0.00 104.00 0.00 0.00105318
4 62.00 0.00 68.00 0.00 98.00 0.00 92.00 0.00 0.00570467
4 66.00 0.00 70.00 0.00 94.00 0.00 90.00 0.00 0.00469484
4 60.00 0.00 68.00 0.00 100.00 0.00 92.00 0.00 0.0100813
4 56.00 0.00 64.00 0.00 104.00 0.00 96.00 0.00 0.0051351
4 70.00 0.00 74.00 0.00 90.00 0.00 86.00 0.00 0.0142046
4 74.00 0.00 76.00 0.00 86.00 0.00 84.00 0.00 0.0133157
4 74.00 0.00 76.00 0.00 88.00 0.00 86.00 0.00 0.00993515
4 78.00 0.00 80.00 0.00 84.00 0.00 82.00 0.00 0.295748
4 76.00 0.00 78.00 0.00 86.00 0.00 84.00 0.00 0.0264999
4 60.00 0.00 66.00 0.00 102.00 0.00 96.00 0.00 0.00415637
4 72.00 0.00 76.00 0.00 92.00 0.00 88.00 0.00 0.0139496
4 76.00 0.00 78.00 0.00 88.00 0.00 86.00 0.00 0.0166538
4 78.00 0.00 80.00 0.00 86.00 0.00 84.00 0.00 0.0806339
4 62.00 0.00 70.00 0.00 102.00 0.00 94.00 0.00 0.0082867
4 58.00 0.00 66.00 0.00 106.00 0.00 98.00 0.00 0.00524614
4 66.00 0.00 70.00 0.00 98.00 0.00 94.00 0.00 0.00251594
4 64.00 0.00 70.00 0.00 100.00 0.00 94.00 0.00 0.00524784
4 70.00 0.00 74.00 0.00 94.00 0.00 90.00 0.00 0.00596244
4 74.00 0.00 76.00 0.00 90.00 0.00 88.00 0.00 0.00565961
4 54.00 0.00 62.00 0.00 110.00 0.00 102.00 0.00 0.00282168
4 58.00 0.00 64.00 0.00 106.00 0.00 100.00 0.00 0.00245345
4 70.00 0.00 76.00 0.00 94.00 0.00 88.00 0.00 0.0228376
4 50.00 0.00 58.00 0.00 114.00 0.00 106.00 0.00 0.00126034
4 68.00 0.00 72.00 0.00 96.00 0.00 92.00 0.00 0.00401431
4 78.00 0.00 80.00 0.00 88.00 0.00 86.00 0.00 0.0369949
4 62.00 0.00 68.00 0.00 104.00 0.00 98.00 0.00 0.00354307
4 76.00 0.00 78.00 0.00 90.00 0.00 88.00 0.00 0.00856245
4 80.00 0.00 82.00 0.00 86.00 0.00 84.00 0.00 0.335778
4 60.00 0.00 68.00 0.00 108.00 0.00 100.00 0.00 0.00454735
4 56.00 0.00 64.00 0.00 112.00 0.00 104.00 0.00 0.00304151
4 72.00 0.00 78.00 0.00 96.00 0.00 90.00 0.00 0.0216285
4 68.00 0.00 72.00 0.00 100.00 0.00 96.00 0.00 0.00237055
4 70.00 0.00 74.00 0.00 98.00 0.00 94.00 0.00 0.00295381
4 80.00 0.00 82.00 0.00 88.00 0.00 86.00 0.00 0.0884119
4 64.00 0.00 72.00 0.00 104.00 0.00 96.00 0.00 0.00710471
4 74.00 0.00 78.00 0.00 94.00 0.00 90.00 0.00 0.0137566
4 60.00 0.00 66.00 0.00 108.00 0.00 102.00 0.00 0.00240621
4 52.00 0.00 60.00 0.00 116.00 0.00 108.00 0.00 0.00144016
4 76.00 0.00 78.00 0.00 92.00 0.00 90.00 0.00 0.00482982
4 78.00 0.00 80.00 0.00 90.00 0.00 88.00 0.00 0.0160646
4 66.00 0.00 72.00 0.00 102.00 0.00 96.00 0.00 0.00447146
4 72.00 0.00 76.00 0.00 96.00 0.00 92.00 0.00 0.0062592
4 64.00 0.00 70.00 0.00 106.00 0.00 100.00 0.00 0.00270108
4 82.00 0.00 84.00 0.00 88.00 0.00 86.00 0.00 0.288472
4 78.00 0.00 80.00 0.00 92.00 0.00 90.00 0.00 0.00818903
4 80.00 0.00 82.00 0.00 90.00 0.00 88.00 0.00 0.0299397
4 68.00 0.00 74.00 0.00 104.00 0.00 98.00 0.00 0.00426374
4 72.00 0.00 76.00 0.00 100.00 0.00 96.00 0.00 0.00343519
4 54.00 0.00 62.00 0.00 118.00 0.00 110.00 0.00 0.00178845
4 74.00 0.00 78.00 0.00 98.00 0.00 94.00 0.00 0.00606817
4 62.00 0.00 70.00 0.00 110.00 0.00 102.00 0.00 0.00422819
4 58.00 0.00 66.00 0.00 114.00 0.00 106.00 0.00 0.00346765
4 76.00 0.00 80.00 0.00 96.00 0.00 92.00 0.00 0.0136018
4 82.00 0.00 84.00 0.00 90.00 0.00 88.00 0.00 0.0649502
4 78.00 0.00 80.00 0.00 94.00 0.00 92.00 0.00 0.00505227
4 70.00 0.00 74.00 0.00 102.00 0.00 98.00 0.00 0.0021283
4 66.00 0.00 74.00 0.00 106.00 0.00 98.00 0.00 0.00626635
4 74.00 0.00 80.00 0.00 98.00 0.00 92.00 0.00 0.0217482
4 62.00 0.00 68.00 0.00 110.00 0.00 104.00 0.00 0.0020917
4 80.00 0.00 82.00 0.00 92.00 0.00 90.00 0.00 0.0134263
4 80.00 0.00 82.00 0.00 94.00 0.00 92.00 0.00 0.00760558
4 66.00 0.00 72.00 0.00 108.00 0.00 102.00 0.00 0.0023131
4 84.00 0.00 86.00 0.00 90.00 0.00 88.00 0.00 0.262999
4 82.00 0.00 84.00 0.00 92.00 0.00 90.00 0.00 0.0247796
4 70.00 0.00 76.00 0.00 106.00 0.00 100.00 0.00 0.00356187
4 82.00 0.00 84.00 0.00 94.00 0.00 92.00 0.00 0.0126893
4 74.00 0.00 78.00 0.00 102.00 0.00 98.00 0.00 0.00401489
4 60.00 0.00 68.00 0.00 116.00 0.00 108.00 0.00 0.00346294
4 64.00 0.00 70.00 0.00 112.00 0.00 106.00 0.00 0.00212195
4 76.00 0.00 80.00 0.00 100.00 0.00 96.00 0.00 0.0065284
4 64.00 0.00 72.00 0.00 112.00 0.00 104.00 0.00 0.00363915
4 72.00 0.00 76.00 0.00 104.00 0.00 100.00 0.00 0.00206154
4 78.00 0.00 82.00 0.00 98.00 0.00 94.00 0.00 0.0121595
4 80.00 0.00 82.00 0.00 96.00 0.00 94.00 0.00 0.00456212
4 76.00 0.00 82.00 0.00 100.00 0.00 94.00 0.00 0.0213815
4 68.00 0.00 76.00 0.00 108.00 0.00 100.00 0.00 0.00560651
4 56.00 0.00 64.00 0.00 120.00 0.00 112.00 0.00 0.00192916
4 84.00 0.00 86.00 0.00 92.00 0.00 90.00 0.00 0.0692081
4 84.00 0.00 86.00 0.00 94.00 0.00 92.00 0.00 0.0302855
4 82.00 0.00 84.00 0.00 96.00 0.00 94.00 0.00 0.00707036
4 86.00 0.00 88.00 0.00 92.00 0.00 90.00 0.00 0.367266
4 68.00 0.00 74.00 0.00 110.00 0.00 104.00 0.00 0.00230648
4 78.00 0.00 84.00 0.00 102.00 0.00 96.00 0.00 0.0203449
4 70.00 0.00 78.00 0.00 110.00 0.00 102.00 0.00 0.00593146
4 80.00 0.00 84.00 0.00 100.00 0.00 96.00 0.00 0.012191
4 86.00 0.00 88.00 0.00 94.00 0.00 92.00 0.00 0.104188
4 58.00 0.00 66.00 0.00 122.00 0.00 114.00 0.00 0.00184733
4 72.00 0.00 78.00 0.00 108.00 0.00 102.00 0.00 0.00354365
4 62.00 0.00 70.00 0.00 118.00 0.00 110.00 0.00 0.00241894
4 66.00 0.00 72.00 0.00 114.00 0.00 108.00 0.00 0.00204157
4 84.00 0.00 86.00 0.00 96.00 0.00 94.00 0.00 0.0150232
4 78.00 0.00 82.00 0.00 102.00 0.00 98.00 0.00 0.00690824
4 74.00 0.00 78.00 0.00 106.00 0.00 102.00 0.00 0.00201012
4 76.00 0.00 80.00 0.00 104.00 0.00 100.00 0.00 0.00351112
4 82.00 0.00 84.00 0.00 98.00 0.00 96.00 0.00 0.00369893
4 66.00 0.00 74.00 0.00 114.00 0.00 106.00 0.00 0.00358849
4 70.00 0.00 76.00 0.00 112.00 0.00 106.00 0.00 0.00249527
4 88.00 0.00 90.00 0.00 94.00 0.00 92.00 0.00 0.382494
4 86.00 0.00 88.00 0.00 96.00 0.00 94.00 0.00 0.0430329
4 84.00 0.00 86.00 0.00 98.00 0.00 96.00 0.00 0.00766935
4 78.00 0.00 82.00 0.00 106.00 0.00 102.00 0.00 0.00304654
4 68.00 0.00 74.00 0.00 116.00 0.00 110.00 0.00 0.00151009
4 80.00 0.00 86.00 0.00 104.00 0.00 98.00 0.00 0.0242357
4 68.00 0.00 76.00 0.00 116.00 0.00 108.00 0.00 0.00365043
4 74.00 0.00 80.00 0.00 110.00 0.00 104.00 0.00 0.00418301
4 60.00 0.00 68.00 0.00 124.00 0.00 116.00 0.00 0.00189012
4 82.00 0.00 86.00 0.00 102.00 0.00 98.00 0.00 0.0155797
4 88.00 0.00 90.00 0.00 96.00 0.00 94.00 0.00 0.0997905
4 80.00 0.00 84.00 0.00 104.00 0.00 100.00 0.00 0.00565561
4 76.00 0.00 80.00 0.00 108.00 0.00 104.00 0.00 0.00179991
4 64.00 0.00 72.00 0.00 120.00 0.00 112.00 0.00 0.00211886
4 72.00 0.00 80.00 0.00 112.00 0.00 104.00 0.00 0.00601576
4 84.00 0.00 86.00 0.00 100.00 0.00 98.00 0.00 0.00684405
4 86.00 0.00 88.00 0.00 98.00 0.00 96.00 0.00 0.0187817
4 90.00 0.00 92.00 0.00 96.00 0.00 94.00 0.00 0.383842
4 72.00 0.00 78.00 0.00 114.00 0.00 108.00 0.00 0.00278033
4 86.00 0.00 88.00 0.00 100.00 0.00 98.00 0.00 0.0155277
4 88.00 0.00 90.00 0.00 98.00 0.00 96.00 0.00 0.033516
4 82.00 0.00 88.00 0.00 106.00 0.00 100.00 0.00 0.0251225
4 80.00 0.00 84.00 0.00 108.00 0.00 104.00 0.00 0.00264361
4 74.00 0.00 82.00 0.00 114.00 0.00 106.00 0.00 0.00691495
4 70.00 0.00 76.00 0.00 118.00 0.00 112.00 0.00 0.00137604
4 84.00 0.00 88.00 0.00 104.00 0.00 100.00 0.00 0.0175597
4 76.00 0.00 82.00 0.00 112.00 0.00 106.00 0.00 0.00452966
4 70.00 0.00 78.00 0.00 118.00 0.00 110.00 0.00 0.00291787
4 86.00 0.00 88.00 0.00 102.00 0.00 100.00 0.00 0.00712167
4 62.00 0.00 70.00 0.00 126.00 0.00 118.00 0.00 0.00166786
4 66.00 0.00 74.00 0.00 122.00 0.00 114.00 0.00 0.00176182
4 88.00 0.00 90.00 0.00 100.00 0.00 98.00 0.00 0.0245779
4 90.00 0.00 92.00 0.00 98.00 0.00 96.00 0.00 0.0745318
4 82.00 0.00 86.00 0.00 106.00 0.00 102.00 0.00 0.00572586
4 78.00 0.00 82.00 0.00 110.00 0.00 106.00 0.00 0.0025289
4 74.00 0.00 80.00 0.00 116.00 0.00 110.00 0.00 0.00244617
4 90.00 0.00 92.00 0.00 100.00 0.00 98.00 0.00 0.043526
4 92.00 0.00 94.00 0.00 98.00 0.00 96.00 0.00 0.324054
4 88.00 0.00 90.00 0.00 102.00 0.00 100.00 0.00 0.0101563
4 72.00 0.00 78.00 0.00 120.00 0.00 114.00 0.00 0.00131306
4 84.00 0.00 88.00 0.00 108.00 0.00 104.00 0.00 0.00678448
4 88.00 0.00 90.00 0.00 104.00 0.00 102.00 0.00 0.00628796
4 68.00 0.00 76.00 0.00 124.00 0.00 116.00 0.00 0.00178603
4 84.00 0.00 90.00 0.00 108.00 0.00 102.00 0.00 0.0257054
4 76.00 0.00 84.00 0.00 116.00 0.00 108.00 0.00 0.00696716
4 92.00 0.00 94.00 0.00 100.00 0.00 98.00 0.00 0.116086
4 82.00 0.00 86.00 0.00 110.00 0.00 106.00 0.00 0.00414193
4 86.00 0.00 90.00 0.00 106.00 0.00 102.00 0.00 0.0163349
4 90.00 0.00 92.00 0.00 102.00 0.00 100.00 0.00 0.0152721
4 80.00 0.00 84.00 0.00 112.00 0.00 108.00 0.00 0.00258193
4 72.00 0.00 80.00 0.00 120.00 0.00 112.00 0.00 0.00301106
4 78.00 0.00 84.00 0.00 114.00 0.00 108.00 0.00 0.00483657
4 90.00 0.00 92.00 0.00 104.00 0.00 102.00 0.00 0.00855672
4 94.00 0.00 96.00 0.00 100.00 0.00 98.00 0.00 0.5051
4 76.00 0.00 82.00 0.00 118.00 0.00 112.00 0.00 0.00227686
4 92.00 0.00 94.00 0.00 102.00 0.00 100.00 0.00 0.030358
4 92.00 0.00 94.00 0.00 104.00 0.00 102.00 0.00 0.0148664
4 74.00 0.00 82.00 0.00 122.00 0.00 114.00 0.00 0.00291659
4 88.00 0.00 92.00 0.00 108.00 0.00 104.00 0.00 0.0126562
4 82.00 0.00 86.00 0.00 114.00 0.00 110.00 0.00 0.00227007
4 86.00 0.00 90.00 0.00 110.00 0.00 106.00 0.00 0.0101827
4 90.00 0.00 92.00 0.00 106.00 0.00 104.00 0.00 0.00388023
4 70.00 0.00 78.00 0.00 126.00 0.00 118.00 0.00 0.00185251
4 86.00 0.00 92.00 0.00 110.00 0.00 104.00 0.00 0.0261331
4 94.00 0.00 96.00 0.00 102.00 0.00 100.00 0.00 0.0719706
4 78.00 0.00 86.00 0.00 118.00 0.00 110.00 0.00 0.00591667
4 74.00 0.00 80.00 0.00 122.00 0.00 116.00 0.00 0.00142906
4 80.00 0.00 86.00 0.00 116.00 0.00 110.00 0.00 0.00405913
4 84.00 0.00 88.00 0.00 112.00 0.00 108.00 0.00 0.00584579
4 78.00 0.00 84.00 0.00 120.00 0.00 114.00 0.00 0.00208752
4 92.00 0.00 94.00 0.00 106.00 0.00 104.00 0.00 0.00620147
4 96.00 0.00 98.00 0.00 102.00 0.00 100.00 0.00 0.18304
4 94.00 0.00 96.00 0.00 104.00 0.00 102.00 0.00 0.0275015
4 86.00 0.00 90.00 0.00 114.00 0.00 110.00 0.00 0.00501648
4 76.00 0.00 82.00 0.00 124.00 0.00 118.00 0.00 0.0015814
4 82.00 0.00 88.00 0.00 118.00 0.00 112.00 0.00 0.00462029
4 80.00 0.00 88.00 0.00 120.00 0.00 112.00 0.00 0.00680563
4 76.00 0.00 84.00 0.00 124.00 0.00 116.00 0.00 0.00296148
4 90.00 0.00 94.00 0.00 110.00 0.00 106.00 0.00 0.0165332
4 94.00 0.00 96.00 0.00 106.00 0.00 104.00 0.00 0.0102054
4 84.00 0.00 88.00 0.00 116.00 0.00 112.00 0.00 0.00284189
4 92.00 0.00 94.00 0.00 108.00 0.00 106.00 0.00 0.00481644
4 88.00 0.00 92.00 0.00 112.00 0.00 108.00 0.00 0.0095703
4 88.00 0.00 94.00 0.00 112.00 0.00 106.00 0.00 0.0273575
4 96.00 0.00 98.00 0.00 104.00 0.00 102.00 0.00 0.048738
4 98.00 0.00 100.00 0.00 104.00 0.00 102.00 0.00 0.209018
4 96.00 0.00 98.00 0.00 106.00 0.00 104.00 0.00 0.0147988
4 80.00 0.00 86.00 0.00 122.00 0.00 116.00 0.00 0.00214922
4 94.00 0.00 96.00 0.00 108.00 0.00 106.00 0.00 0.00729399
4 86.00 0.00 90.00 0.00 118.00 0.00 114.00 0.00 0.00255278
4 84.00 0.00 90.00 0.00 120.00 0.00 114.00 0.00 0.00469085
4 90.00 0.00 94.00 0.00 114.00 0.00 110.00 0.00 0.00697831
4 94.00 0.00 96.00 0.00 110.00 0.00 108.00 0.00 0.00712968
4 78.00 0.00 84.00 0.00 126.00 0.00 120.00 0.00 0.00158328
4 90.00 0.00 96.00 0.00 114.00 0.00 108.00 0.00 0.0277425
4 88.00 0.00 92.00 0.00 116.00 0.00 112.00 0.00 0.00426201
4 92.00 0.00 96.00 0.00 112.00 0.00 108.00 0.00 0.01722
4 96.00 0.00 98.00 0.00 108.00 0.00 106.00 0.00 0.00999546
4 98.00 0.00 100.00 0.00 106.00 0.00 104.00 0.00 0.0441493
4 82.00 0.00 90.00 0.00 122.00 0.00 114.00 0.00 0.00682909
4 78.00 0.00 86.00 0.00 126.00 0.00 118.00 0.00 0.00333095
4 98.00 0.00 100.00 0.00 108.00 0.00 106.00 0.00 0.0258264
4 82.00 0.00 88.00 0.00 124.00 0.00 118.00 0.00 0.0029063
4 96.00 0.00 98.00 0.00 110.00 0.00 108.00 0.00 0.00912263
4 100.00 0.00 102.00 0.00 106.00 0.00 104.00 0.00 0.114275
4 84.00 0.00 92.00 0.00 124.00 0.00 116.00 0.00 0.00729302
4 94.00 0.00 98.00 0.00 114.00 0.00 110.00 0.00 0.0113735
4 96.00 0.00 98.00 0.00 112.00 0.00 110.00 0.00 0.00359867
4 98.00 0.00 100.00 0.00 110.00 0.00 108.00 0.00 0.0218145
4 86.00 0.00 92.00 0.00 122.00 0.00 116.00 0.00 0.00477098
4 92.00 0.00 96.00 0.00 116.00 0.00 112.00 0.00 0.00636872
4 92.00 0.00 98.00 0.00 116.00 0.00 110.00 0.00 0.0192463
4 88.00 0.00 92.00 0.00 120.00 0.00 116.00 0.00 0.00234981
4 90.00 0.00 94.00 0.00 118.00 0.00 114.00 0.00 0.00325538
4 100.00 0.00 102.00 0.00 108.00 0.00 106.00 0.00 0.0465
4 100.00 0.00 102.00 0.00 110.00 0.00 108.00 0.00 0.0328253
4 102.00 0.00 104.00 0.00 108.00 0.00 106.00 0.00 0.215308
4 84.00 0.00 90.00 0.00 126.00 0.00 120.00 0.00 0.00333795
4 98.00 0.00 100.00 0.00 112.00 0.00 110.00 0.00 0.0077864
4 102.00 0.00 104.00 0.00 110.00 0.00 108.00 0.00 0.0823619
4 98.00 0.00 100.00 0.00 114.00 0.00 112.00 0.00 0.00551743
4 90.00 0.00 94.00 0.00 122.00 0.00 118.00 0.00 0.0024374
4 86.00 0.00 94.00 0.00 126.00 0.00 118.00 0.00 0.00798969
4 94.00 0.00 100.00 0.00 118.00 0.00 112.00 0.00 0.0198663
4 100.00 0.00 102.00 0.00 112.00 0.00 110.00 0.00 0.0107886
4 88.00 0.00 94.00 0.00 124.00 0.00 118.00 0.00 0.00499087
4 92.00 0.00 96.00 0.00 120.00 0.00 116.00 0.00 0.00314903
4 94.00 0.00 98.00 0.00 118.00 0.00 114.00 0.00 0.00461513
4 96.00 0.00 100.00 0.00 116.00 0.00 112.00 0.00 0.0127122
4 104.00 0.00 106.00 0.00 110.00 0.00 108.00 0.00 0.171927
4 102.00 0.00 104.00 0.00 112.00 0.00 110.00 0.00 0.0221122
4 100.00 0.00 102.00 0.00 114.00 0.00 112.00 0.00 0.00711126
4 94.00 0.00 98.00 0.00 122.00 0.00 118.00 0.00 0.00316424
4 96.00 0.00 100.00 0.00 120.00 0.00 116.00 0.00 0.0055894
4 92.00 0.00 96.00 0.00 124.00 0.00 120.00 0.00 0.00236619
4 98.00 0.00 102.00 0.00 118.00 0.00 114.00 0.00 0.0107032
4 100.00 0.00 102.00 0.00 116.00 0.00 114.00 0.00 0.00369628
4 104.00 0.00 106.00 0.00 112.00 0.00 110.00 0.00 0.0301289
4 96.00 0.00 102.00 0.00 120.00 0.00 114.00 0.00 0.018027
4 90.00 0.00 96.00 0.00 126.00 0.00 120.00 0.00 0.004663
4 102.00 0.00 104.00 0.00 114.00 0.00 112.00 0.00 0.0133415
4 102.00 0.00 104.00 0.00 116.00 0.00 114.00 0.00 0.00637602
4 106.00 0.00 108.00 0.00 112.00 0.00 110.00 0.00 0.0909852
4 104.00 0.00 106.00 0.00 114.00 0.00 112.00 0.00 0.0159251
4 104.00 0.00 106.00 0.00 116.00 0.00 114.00 0.00 0.00706066
4 98.00 0.00 102.00 0.00 122.00 0.00 118.00 0.00 0.00657963
4 94.00 0.00 98.00 0.00 126.00 0.00 122.00 0.00 0.00227917
4 96.00 0.00 100.00 0.00 124.00 0.00 120.00 0.00 0.00379528
4 102.00 0.00 104.00 0.00 118.00 0.00 116.00 0.00 0.0036179
4 98.00 0.00 104.00 0.00 122.00 0.00 116.00 0.00 0.0196699
4 100.00 0.00 104.00 0.00 120.00 0.00 116.00 0.00 0.0111796
4 106.00 0.00 108.00 0.00 114.00 0.00 112.00 0.00 0.0361881
4 106.00 0.00 108.00 0.00 116.00 0.00 114.00 0.00 0.0139124
4 104.00 0.00 106.00 0.00 118.00 0.00 116.00 0.00 0.00382276
4 108.00 0.00 110.00 0.00 114.00 0.00 112.00 0.00 0.217932
4 102.00 0.00 106.00 0.00 122.00 0.00 118.00 0.00 0.0108325
4 108.00 0.00 110.00 0.00 116.00 0.00 114.00 0.00 0.0533375
4 100.00 0.00 104.00 0.00 124.00 0.00 120.00 0.00 0.0067511
4 104.00 0.00 106.00 0.00 120.00 0.00 118.00 0.00 0.00328122
4 106.00 0.00 108.00 0.00 118.00 0.00 116.00 0.00 0.00719453
4 98.00 0.00 102.00 0.00 126.00 0.00 122.00 0.00 0.00424743
4 100.00 0.00 106.00 0.00 124.00 0.00 118.00 0.00 0.0191888
4 110.00 0.00 112.00 0.00 116.00 0.00 114.00 0.00 0.150429
4 106.00 0.00 108.00 0.00 120.00 0.00 118.00 0.00 0.00575468
4 108.00 0.00 110.00 0.00 118.00 0.00 116.00 0.00 0.0233368
4 104.00 0.00 108.00 0.00 124.00 0.00 120.00 0.00 0.0101572
4 106.00 0.00 108.00 0.00 122.00 0.00 120.00 0.00 0.00353192
4 108.00 0.00 110.00 0.00 120.00 0.00 118.00 0.00 0.0168724
4 110.00 0.00 112.00 0.00 118.00 0.00 116.00 0.00 0.0408259
4 102.00 0.00 106.00 0.00 126.00 0.00 122.00 0.00 0.00617249
4 102.00 0.00 108.00 0.00 126.00 0.00 120.00 0.00 0.0187294
4 110.00 0.00 112.00 0.00 120.00 0.00 118.00 0.00 0.0235223
4 112.00 0.00 114.00 0.00 118.00 0.00 116.00 0.00 0.236272
4 108.00 0.00 110.00 0.00 122.00 0.00 120.00 0.00 0.00954511
4 112.00 0.00 114.00 0.00 120.00 0.00 118.00 0.00 0.0774547
4 106.00 0.00 110.00 0.00 126.00 0.00 122.00 0.00 0.0165235
4 110.00 0.00 112.00 0.00 122.00 0.00 120.00 0.00 0.0116137
4 108.00 0.00 110.00 0.00 124.00 0.00 122.00 0.00 0.00714972
4 114.00 0.00 116.00 0.00 120.00 0.00 118.00 0.00 0.270645
4 112.00 0.00 114.00 0.00 122.00 0.00 120.00 0.00 0.0287835
4 110.00 0.00 112.00 0.00 124.00 0.00 122.00 0.00 0.00796582
4 110.00 0.00 112.00 0.00 126.00 0.00 124.00 0.00 0.00477451
4 114.00 0.00 116.00 0.00 122.00 0.00 120.00 0.00 0.0570588
4 112.00 0.00 114.00 0.00 124.00 0.00 122.00 0.00 0.0170965
4 112.00 0.00 114.00 0.00 126.00 0.00 124.00 0.00 0.00925941
4 116.00 0.00 118.00 0.00 122.00 0.00 120.00 0.00 0.191422
4 114.00 0.00 116.00 0.00 124.00 0.00 122.00 0.00 0.0271332
4 114.00 0.00 116.00 0.00 126.00 0.00 124.00 0.00 0.0128202
4 116.00 0.00 118.00 0.00 124.00 0.00 122.00 0.00 0.0541035
4 116.00 0.00 118.00 0.00 126.00 0.00 124.00 0.00 0.0206283
4 118.00 0.00 120.00 0.00 124.00 0.00 122.00 0.00 0.236047
4 118.00 0.00 120.00 0.00 126.00 0.00 124.00 0.00 0.0580782
4 120.00 0.00 122.00 0.00 126.00 0.00 124.00 0.00 0.205973
4 0.00 0.00 6.00 0.00 2.00 0.00 4.00 0.00 1.42353
4 2.00 0.00 8.00 0.00 4.00 0.00 6.00 0.00 1.27382
4 0.00 0.00 12.00 0.00 4.00 0.00 8.00 0.00 0.536268
4 4.00 0.00 10.00 0.00 6.00 0.00 8.00 0.00 1.32824
4 2.00 0.00 14.00 0.00 6.00 0.00 10.00 0.00 0.487002
4 0.00 0.00 18.00 0.00 6.00 0.00 12.00 0.00 0.290779
4 6.00 0.00 12.00 0.00 8.00 0.00 10.00 0.00 1.32275
4 4.00 0.00 16.00 0.00 8.00 0.00 12.00 0.00 0.462618
4 2.00 0.00 20.00 0.00 8.00 0.00 14.00 0.00 0.275963
4 8.00 0.00 14.00 0.00 10.00 0.00 12.00 0.00 1.17726
4 6.00 0.00 18.00 0.00 10.00 0.00 14.00 0.00 0.470802
4 0.00 0.00 24.00 0.00 8.00 0.00 16.00 0.00 0.216562
4 4.00 0.00 22.00 0.00 10.00 0.00 16.00 0.00 0.291582
4 10.00 0.00 16.00 0.00 12.00 0.00 14.00 0.00 1.06124
4 2.00 0.00 26.00 0.00 10.00 0.00 18.00 0.00 0.198003
4 8.00 0.00 20.00 0.00 12.00 0.00 16.00 0.00 0.460841
4 0.00 0.00 30.00 0.00 10.00 0.00 20.00 0.00 0.161885
4 6.00 0.00 24.00 0.00 12.00 0.00 18.00 0.00 0.28141
4 12.00 0.00 18.00 0.00 14.00 0.00 16.00 0.00 0.940194
4 4.00 0.00 28.00 0.00 12.00 0.00 20.00 0.00 0.193481
4 10.00 0.00 22.00 0.00 14.00 0.00 18.00 0.00 0.433801
4 2.00 0.00 32.00 0.00 12.00 0.00 22.00 0.00 0.155464
4 14.00 0.00 20.00 0.00 16.00 0.00 18.00 0.00 0.741262
4 8.00 0.00 26.00 0.00 14.00 0.00 20.00 0.00 0.256536
4 12.00 0.00 24.00 0.00 16.00 0.00 20.00 0.00 0.370969
4 6.00 0.00 30.00 0.00 14.00 0.00 22.00 0.00 0.181997
4 0.00 0.00 36.00 0.00 12.00 0.00 24.00 0.00 0.14309
4 10.00 0.00 28.00 0.00 16.00 0.00 22.00 0.00 0.218838
4 4.00 0.00 34.00 0.00 14.00 0.00 24.00 0.00 0.159004
4 16.00 0.00 22.00 0.00 18.00 0.00 20.00 0.00 0.760817
4 2.00 0.00 38.00 0.00 14.00 0.00 26.00 0.00 0.145106
4 14.00 0.00 26.00 0.00 18.00 0.00 22.00 0.00 0.31813
4 8.00 0.00 32.00 0.00 16.00 0.00 24.00 0.00 0.184918
4 12.00 0.00 30.00 0.00 18.00 0.00 24.00 0.00 0.22494
4 0.00 0.00 42.00 0.00 14.00 0.00 28.00 0.00 0.139713
4 6.00 0.00 36.00 0.00 16.00 0.00 26.00 0.00 0.166172
4 18.00 0.00 24.00 0.00 20.00 0.00 22.00 0.00 0.54515
4 4.00 0.00 40.00 0.00 16.00 0.00 28.00 0.00 0.153793
4 10.00 0.00 34.00 0.00 18.00 0.00 26.00 0.00 0.19977
4 16.00 0.00 28.00 0.00 20.00 0.00 24.00 0.00 0.301707
4 20.00 0.00 26.00 0.00 22.00 0.00 24.00 0.00 0.637912
4 2.00 0.00 44.00 0.00 16.00 0.00 30.00 0.00 0.133939
4 8.00 0.00 38.00 0.00 18.00 0.00 28.00 0.00 0.179125
4 14.00 0.00 32.00 0.00 20.00 0.00 26.00 0.00 0.244015
4 12.00 0.00 36.00 0.00 20.00 0.00 28.00 0.00 0.214002
4 6.00 0.00 42.00 0.00 18.00 0.00 30.00 0.00 0.157992
4 18.00 0.00 30.00 0.00 22.00 0.00 26.00 0.00 0.354806
4 0.00 0.00 48.00 0.00 16.00 0.00 32.00 0.00 0.114298
4 4.00 0.00 46.00 0.00 18.00 0.00 32.00 0.00 0.130358
4 10.00 0.00 40.00 0.00 20.00 0.00 30.00 0.00 0.184071
4 16.00 0.00 34.00 0.00 22.00 0.00 28.00 0.00 0.284658
4 22.00 0.00 28.00 0.00 24.00 0.00 26.00 0.00 0.518787
4 14.00 0.00 38.00 0.00 22.00 0.00 30.00 0.00 0.228135
4 8.00 0.00 44.00 0.00 20.00 0.00 32.00 0.00 0.153644
4 20.00 0.00 32.00 0.00 24.00 0.00 28.00 0.00 0.37057
4 2.00 0.00 50.00 0.00 18.00 0.00 34.00 0.00 0.114622
4 18.00 0.00 36.00 0.00 24.00 0.00 30.00 0.00 0.273197
4 12.00 0.00 42.00 0.00 22.00 0.00 32.00 0.00 0.19052
4 24.00 0.00 30.00 0.00 26.00 0.00 28.00 0.00 0.593426
4 0.00 0.00 54.00 0.00 18.00 0.00 36.00 0.00 0.108012
4 6.00 0.00 48.00 0.00 20.00 0.00 34.00 0.00 0.129111
4 16.00 0.00 40.00 0.00 24.00 0.00 32.00 0.00 0.220741
4 10.00 0.00 46.00 0.00 22.00 0.00 34.00 0.00 0.156267
4 22.00 0.00 34.00 0.00 26.00 0.00 30.00 0.00 0.343517
4 4.00 0.00 52.00 0.00 20.00 0.00 36.00 0.00 0.117814
4 14.00 0.00 44.00 0.00 24.00 0.00 34.00 0.00 0.185491
4 2.00 0.00 56.00 0.00 20.00 0.00 38.00 0.00 0.10743
4 26.00 0.00 32.00 0.00 28.00 0.00 30.00 0.00 0.576947
4 8.00 0.00 50.00 0.00 22.00 0.00 36.00 0.00 0.134501
4 20.00 0.00 38.00 0.00 26.00 0.00 32.00 0.00 0.246981
4 0.00 0.00 60.00 0.00 20.00 0.00 40.00 0.00 0.0966141
4 12.00 0.00 48.00 0.00 24.00 0.00 36.00 0.00 0.149127
4 24.00 0.00 36.00 0.00 28.00 0.00 32.00 0.00 0.318111
4 18.00 0.00 42.00 0.00 26.00 0.00 34.00 0.00 0.215864
4 6.00 0.00 54.00 0.00 22.00 0.00 38.00 0.00 0.123514
4 28.00 0.00 34.00 0.00 30.00 0.00 32.00 0.00 0.798315
4 4.00 0.00 58.00 0.00 22.00 0.00 40.00 0.00 0.109019
4 22.00 0.00 40.00 0.00 28.00 0.00 34.00 0.00 0.243418
4 10.00 0.00 52.00 0.00 24.00 0.00 38.00 0.00 0.134672
4 16.00 0.00 46.00 0.00 26.00 0.00 36.00 0.00 0.171516
4 2.00 0.00 62.00 0.00 22.00 0.00 42.00 0.00 0.0896847
4 26.00 0.00 38.00 0.00 30.00 0.00 34.00 0.00 0.35165
4 20.00 0.00 44.00 0.00 28.00 0.00 36.00 0.00 0.201885
4 8.00 0.00 56.00 0.00 24.00 0.00 40.00 0.00 0.119717
4 14.00 0.00 50.00 0.00 26.00 0.00 38.00 0.00 0.144631
4 12.00 0.00 54.00 0.00 26.00 0.00 40.00 0.00 0.130018
4 18.00 0.00 48.00 0.00 28.00 0.00 38.00 0.00 0.157499
4 6.00 0.00 60.00 0.00 24.00 0.00 42.00 0.00 0.105424
4 30.00 0.00 36.00 0.00 32.00 0.00 34.00 0.00 0.837952
4 24.00 0.00 42.00 0.00 30.00 0.00 36.00 0.00 0.265388
4 10.00 0.00 58.00 0.00 26.00 0.00 42.00 0.00 0.115059
4 28.00 0.00 40.00 0.00 32.00 0.00 36.00 0.00 0.41951
4 4.00 0.00 64.00 0.00 24.00 0.00 44.00 0.00 0.0871212
4 22.00 0.00 46.00 0.00 30.00 0.00 38.00 0.00 0.194213
4 16.00 0.00 52.00 0.00 28.00 0.00 40.00 0.00 0.138597
4 8.00 0.00 62.00 0.00 26.00 0.00 44.00 0.00 0.0958104
4 14.00 0.00 56.00 0.00 28.00 0.00 42.00 0.00 0.124353
4 32.00 0.00 38.00 0.00 34.00 0.00 36.00 0.00 0.952202
4 20.00 0.00 50.00 0.00 30.00 0.00 40.00 0.00 0.155654
4 26.00 0.00 44.00 0.00 32.00 0.00 38.00 0.00 0.281572
4 24.00 0.00 48.00 0.00 32.00 0.00 40.00 0.00 0.18966
4 30.00 0.00 42.00 0.00 34.00 0.00 38.00 0.00 0.478049
4 6.00 0.00 66.00 0.00 26.00 0.00 46.00 0.00 0.0837538
4 12.00 0.00 60.00 0.00 28.00 0.00 44.00 0.00 0.112899
4 18.00 0.00 54.00 0.00 30.00 0.00 42.00 0.00 0.140042
4 0.00 0.00 72.00 0.00 24.00 0.00 48.00 0.00 0.0741307
4 10.00 0.00 64.00 0.00 28.00 0.00 46.00 0.00 0.0908487
4 22.00 0.00 52.00 0.00 32.00 0.00 42.00 0.00 0.160566
4 28.00 0.00 46.00 0.00 34.00 0.00 40.00 0.00 0.273285
4 16.00 0.00 58.00 0.00 30.00 0.00 44.00 0.00 0.12907
4 34.00 0.00 40.00 0.00 36.00 0.00 38.00 0.00 0.991775
4 8.00 0.00 68.00 0.00 28.00 0.00 48.00 0.00 0.0813995
4 20.00 0.00 56.00 0.00 32.00 0.00 44.00 0.00 0.148829
4 32.00 0.00 44.00 0.00 36.00 0.00 40.00 0.00 0.451825
4 2.00 0.00 74.00 0.00 26.00 0.00 50.00 0.00 0.0710975
4 14.00 0.00 62.00 0.00 30.00 0.00 46.00 0.00 0.105217
4 26.00 0.00 50.00 0.00 34.00 0.00 42.00 0.00 0.196212
4 18.00 0.00 60.00 0.00 32.00 0.00 46.00 0.00 0.133055
4 30.00 0.00 48.00 0.00 36.00 0.00 42.00 0.00 0.260417
4 12.00 0.00 66.00 0.00 30.00 0.00 48.00 0.00 0.0896274
4 24.00 0.00 54.00 0.00 34.00 0.00 44.00 0.00 0.175611
4 36.00 0.00 42.00 0.00 38.00 0.00 40.00 0.00 0.938466
4 22.00 0.00 58.00 0.00 34.00 0.00 46.00 0.00 0.153255
4 16.00 0.00 64.00 0.00 32.00 0.00 48.00 0.00 0.104322
4 4.00 0.00 76.00 0.00 28.00 0.00 52.00 0.00 0.0681909
4 28.00 0.00 52.00 0.00 36.00 0.00 44.00 0.00 0.22076
4 10.00 0.00 70.00 0.00 30.00 0.00 50.00 0.00 0.0791669
4 34.00 0.00 46.00 0.00 38.00 0.00 42.00 0.00 0.425905
4 32.00 0.00 50.00 0.00 38.00 0.00 44.00 0.00 0.281261
4 14.00 0.00 68.00 0.00 32.00 0.00 50.00 0.00 0.0891586
4 26.00 0.00 56.00 0.00 36.00 0.00 46.00 0.00 0.187187
4 20.00 0.00 62.00 0.00 34.00 0.00 48.00 0.00 0.121578
4 38.00 0.00 44.00 0.00 40.00 0.00 42.00 0.00 0.93489
4 18.00 0.00 66.00 0.00 34.00 0.00 50.00 0.00 0.098995
4 0.00 0.00 84.00 0.00 28.00 0.00 56.00 0.00 0.0616111
4 30.00 0.00 54.00 0.00 38.00 0.00 46.00 0.00 0.241031
4 24.00 0.00 60.00 0.00 36.00 0.00 48.00 0.00 0.15656
4 12.00 0.00 72.00 0.00 32.00 0.00 52.00 0.00 0.0793258
4 6.00 0.00 78.00 0.00 30.00 0.00 54.00 0.00 0.0676205
4 36.00 0.00 48.00 0.00 40.00 0.00 44.00 0.00 0.466312
4 16.00 0.00 70.00 0.00 34.00 0.00 52.00 0.00 0.0863938
4 28.00 0.00 58.00 0.00 38.00 0.00 48.00 0.00 0.199247
4 22.00 0.00 64.00 0.00 36.00 0.00 50.00 0.00 0.11227
4 40.00 0.00 46.00 0.00 42.00 0.00 44.00 0.00 1.03793
4 34.00 0.00 52.00 0.00 40.00 0.00 46.00 0.00 0.331503
4 32.00 0.00 56.00 0.00 40.00 0.00 48.00 0.00 0.254673
4 26.00 0.00 62.00 0.00 38.00 0.00 50.00 0.00 0.139256
4 14.00 0.00 74.00 0.00 34.00 0.00 54.00 0.00 0.0799044
4 8.00 0.00 80.00 0.00 32.00 0.00 56.00 0.00 0.0697494
4 20.00 0.00 68.00 0.00 36.00 0.00 52.00 0.00 0.0955068
4 38.00 0.00 50.00 0.00 42.00 0.00 46.00 0.00 0.544949
4 2.00 0.00 86.00 0.00 30.00 0.00 58.00 0.00 0.0614469
4 24.00 0.00 66.00 0.00 38.00 0.00 52.00 0.00 0.107676
4 42.00 0.00 48.00 0.00 44.00 0.00 46.00 0.00 0.951337
4 18.00 0.00 72.00 0.00 36.00 0.00 54.00 0.00 0.0851599
4 30.00 0.00 60.00 0.00 40.00 0.00 50.00 0.00 0.19674
4 36.00 0.00 54.00 0.00 42.00 0.00 48.00 0.00 0.37522
4 10.00 0.00 82.00 0.00 34.00 0.00 58.00 0.00 0.0713423
4 16.00 0.00 76.00 0.00 36.00 0.00 56.00 0.00 0.081481
4 28.00 0.00 64.00 0.00 40.00 0.00 52.00 0.00 0.136072
4 22.00 0.00 70.00 0.00 38.00 0.00 54.00 0.00 0.0916507
4 40.00 0.00 52.00 0.00 44.00 0.00 48.00 0.00 0.550033
4 4.00 0.00 88.00 0.00 32.00 0.00 60.00 0.00 0.0625948
4 34.00 0.00 58.00 0.00 42.00 0.00 50.00 0.00 0.259492
4 44.00 0.00 50.00 0.00 46.00 0.00 48.00 0.00 0.971908
4 26.00 0.00 68.00 0.00 40.00 0.00 54.00 0.00 0.109809
4 20.00 0.00 74.00 0.00 38.00 0.00 56.00 0.00 0.0879626
4 38.00 0.00 56.00 0.00 44.00 0.00 50.00 0.00 0.345067
4 32.00 0.00 62.00 0.00 42.00 0.00 52.00 0.00 0.171049
4 0.00 0.00 96.00 0.00 32.00 0.00 64.00 0.00 0.061207
4 24.00 0.00 72.00 0.00 40.00 0.00 56.00 0.00 0.0969362
4 12.00 0.00 84.00 0.00 36.00 0.00 60.00 0.00 0.0738857
4 36.00 0.00 60.00 0.00 44.00 0.00 52.00 0.00 0.240689
4 42.00 0.00 54.00 0.00 46.00 0.00 50.00 0.00 0.48148
4 18.00 0.00 78.00 0.00 38.00 0.00 58.00 0.00 0.0828563
4 6.00 0.00 90.00 0.00 34.00 0.00 62.00 0.00 0.0686399
4 30.00 0.00 66.00 0.00 42.00 0.00 54.00 0.00 0.132847
4 46.00 0.00 52.00 0.00 48.00 0.00 50.00 0.00 0.867941
4 22.00 0.00 76.00 0.00 40.00 0.00 58.00 0.00 0.0898158
4 34.00 0.00 64.00 0.00 44.00 0.00 54.00 0.00 0.157075
4 40.00 0.00 58.00 0.00 46.00 0.00 52.00 0.00 0.299466
4 28.00 0.00 70.00 0.00 42.00 0.00 56.00 0.00 0.115213
4 44.00 0.00 56.00 0.00 48.00 0.00 52.00 0.00 0.407741
4 8.00 0.00 92.00 0.00 36.00 0.00 64.00 0.00 0.070708
4 32.00 0.00 68.00 0.00 44.00 0.00 56.00 0.00 0.128573
4 20.00 0.00 80.00 0.00 40.00 0.00 60.00 0.00 0.0868348
4 2.00 0.00 98.00 0.00 34.00 0.00 66.00 0.00 0.0619997
4 26.00 0.00 74.00 0.00 42.00 0.00 58.00 0.00 0.103684
4 14.00 0.00 86.00 0.00 38.00 0.00 62.00 0.00 0.0842296
4 38.00 0.00 62.00 0.00 46.00 0.00 54.00 0.00 0.195451
4 24.00 0.00 78.00 0.00 42.00 0.00 60.00 0.00 0.0954995
4 48.00 0.00 54.00 0.00 50.00 0.00 52.00 0.00 0.888552
4 30.00 0.00 72.00 0.00 44.00 0.00 58.00 0.00 0.114102
4 42.00 0.00 60.00 0.00 48.00 0.00 54.00 0.00 0.267299
4 36.00 0.00 66.00 0.00 46.00 0.00 56.00 0.00 0.149831
4 4.00 0.00 100.00 0.00 36.00 0.00 68.00 0.00 0.0616964
4 10.00 0.00 94.00 0.00 38.00 0.00 66.00 0.00 0.0716125
4 34.00 0.00 70.00 0.00 46.00 0.00 58.00 0.00 0.123704
4 22.00 0.00 82.00 0.00 42.00 0.00 62.00 0.00 0.10031
4 46.00 0.00 58.00 0.00 50.00 0.00 54.00 0.00 0.423799
4 16.00 0.00 88.00 0.00 40.00 0.00 64.00 0.00 0.0868814
4 40.00 0.00 64.00 0.00 48.00 0.00 56.00 0.00 0.178179
4 28.00 0.00 76.00 0.00 44.00 0.00 60.00 0.00 0.107273
4 50.00 0.00 56.00 0.00 52.00 0.00 54.00 0.00 0.88346
4 44.00 0.00 62.00 0.00 50.00 0.00 56.00 0.00 0.249874
4 32.00 0.00 74.00 0.00 46.00 0.00 60.00 0.00 0.114729
4 38.00 0.00 68.00 0.00 48.00 0.00 58.00 0.00 0.144509
4 26.00 0.00 80.00 0.00 44.00 0.00 62.00 0.00 0.1109
4 6.00 0.00 102.00 0.00 38.00 0.00 70.00 0.00 0.0619746
4 48.00 0.00 60.00 0.00 52.00 0.00 56.00 0.00 0.519701
4 36.00 0.00 72.00 0.00 48.00 0.00 60.00 0.00 0.125514
4 0.00 0.00 108.00 0.00 36.00 0.00 72.00 0.00 0.0551058
4 42.00 0.00 66.00 0.00 50.00 0.00 58.00 0.00 0.177992
4 18.00 0.00 90.00 0.00 42.00 0.00 66.00 0.00 0.0868119
4 30.00 0.00 78.00 0.00 46.00 0.00 62.00 0.00 0.122679
4 24.00 0.00 84.00 0.00 44.00 0.00 64.00 0.00 0.105533
4 12.00 0.00 96.00 0.00 40.00 0.00 68.00 0.00 0.0720764
4 46.00 0.00 64.00 0.00 52.00 0.00 58.00 0.00 0.264816
4 52.00 0.00 58.00 0.00 54.00 0.00 56.00 0.00 1.05751
4 40.00 0.00 70.00 0.00 50.00 0.00 60.00 0.00 0.149414
4 34.00 0.00 76.00 0.00 48.00 0.00 62.00 0.00 0.134596
4 28.00 0.00 82.00 0.00 46.00 0.00 64.00 0.00 0.117277
4 2.00 0.00 110.00 0.00 38.00 0.00 74.00 0.00 0.0528604
4 32.00 0.00 80.00 0.00 48.00 0.00 64.00 0.00 0.127095
4 38.00 0.00 74.00 0.00 50.00 0.00 62.00 0.00 0.160165
4 20.00 0.00 92.00 0.00 44.00 0.00 68.00 0.00 0.0845199
4 26.00 0.00 86.00 0.00 46.00 0.00 66.00 0.00 0.107227
4 14.00 0.00 98.00 0.00 42.00 0.00 70.00 0.00 0.0735473
4 44.00 0.00 68.00 0.00 52.00 0.00 60.00 0.00 0.199921
4 8.00 0.00 104.00 0.00 40.00 0.00 72.00 0.00 0.0616336
4 50.00 0.00 62.00 0.00 54.00 0.00 58.00 0.00 0.43781
4 30.00 0.00 84.00 0.00 48.00 0.00 66.00 0.00 0.118937
4 36.00 0.00 78.00 0.00 50.00 0.00 64.00 0.00 0.147834
4 48.00 0.00 66.00 0.00 54.00 0.00 60.00 0.00 0.291873
4 54.00 0.00 60.00 0.00 56.00 0.00 58.00 0.00 0.985
4 42.00 0.00 72.00 0.00 52.00 0.00 62.00 0.00 0.192638
4 4.00 0.00 112.00 0.00 40.00 0.00 76.00 0.00 0.0530049
4 46.00 0.00 70.00 0.00 54.00 0.00 62.00 0.00 0.261194
4 28.00 0.00 88.00 0.00 48.00 0.00 68.00 0.00 0.104522
4 10.00 0.00 106.00 0.00 42.00 0.00 74.00 0.00 0.0614718
4 40.00 0.00 76.00 0.00 52.00 0.00 64.00 0.00 0.176468
4 22.00 0.00 94.00 0.00 46.00 0.00 70.00 0.00 0.0819627
4 52.00 0.00 64.00 0.00 56.00 0.00 60.00 0.00 0.408553
4 34.00 0.00 82.00 0.00 50.00 0.00 66.00 0.00 0.134068
4 16.00 0.00 100.00 0.00 44.00 0.00 72.00 0.00 0.0704781
4 44.00 0.00 74.00 0.00 54.00 0.00 64.00 0.00 0.223113
4 56.00 0.00 62.00 0.00 58.00 0.00 60.00 0.00 0.867877
4 38.00 0.00 80.00 0.00 52.00 0.00 66.00 0.00 0.157953
4 50.00 0.00 68.00 0.00 56.00 0.00 62.00 0.00 0.365491
4 32.00 0.00 86.00 0.00 50.00 0.00 68.00 0.00 0.119961
4 48.00 0.00 72.00 0.00 56.00 0.00 64.00 0.00 0.28119
4 12.00 0.00 108.00 0.00 44.00 0.00 76.00 0.00 0.0607648
4 0.00 0.00 120.00 0.00 40.00 0.00 80.00 0.00 0.0474981
4 24.00 0.00 96.00 0.00 48.00 0.00 72.00 0.00 0.0796073
4 54.00 0.00 66.00 0.00 58.00 0.00 62.00 0.00 0.592446
4 36.00 0.00 84.00 0.00 52.00 0.00 68.00 0.00 0.139849
4 42.00 0.00 78.00 0.00 54.00 0.00 66.00 0.00 0.187465
4 6.00 0.00 114.00 0.00 42.00 0.00 78.00 0.00 0.0522948
4 18.00 0.00 102.00 0.00 46.00 0.00 74.00 0.00 0.0676454
4 30.00 0.00 90.00 0.00 50.00 0.00 70.00 0.00 0.104073
4 46.00 0.00 76.00 0.00 56.00 0.00 66.00 0.00 0.230697
4 40.00 0.00 82.00 0.00 54.00 0.00 68.00 0.00 0.163063
4 34.00 0.00 88.00 0.00 52.00 0.00 70.00 0.00 0.120782
4 58.00 0.00 64.00 0.00 60.00 0.00 62.00 0.00 1.5338
4 52.00 0.00 70.00 0.00 58.00 0.00 64.00 0.00 0.367094
4 44.00 0.00 80.00 0.00 56.00 0.00 68.00 0.00 0.190363
4 38.00 0.00 86.00 0.00 54.00 0.00 70.00 0.00 0.145488
4 20.00 0.00 104.00 0.00 48.00 0.00 76.00 0.00 0.0663112
4 26.00 0.00 98.00 0.00 50.00 0.00 74.00 0.00 0.080289
4 56.00 0.00 68.00 0.00 60.00 0.00 64.00 0.00 0.684073
4 8.00 0.00 116.00 0.00 44.00 0.00 80.00 0.00 0.0516701
4 50.00 0.00 74.00 0.00 58.00 0.00 66.00 0.00 0.287786
4 32.00 0.00 92.00 0.00 52.00 0.00 72.00 0.00 0.102729
4 14.00 0.00 110.00 0.00 46.00 0.00 78.00 0.00 0.0583944
4 2.00 0.00 122.00 0.00 42.00 0.00 82.00 0.00 0.0471328
4 42.00 0.00 84.00 0.00 56.00 0.00 70.00 0.00 0.165714
4 60.00 0.00 66.00 0.00 62.00 0.00 64.00 0.00 1.13957
4 36.00 0.00 90.00 0.00 54.00 0.00 72.00 0.00 0.119058
4 54.00 0.00 72.00 0.00 60.00 0.00 66.00 0.00 0.360485
4 48.00 0.00 78.00 0.00 58.00 0.00 68.00 0.00 0.233364
4 40.00 0.00 88.00 0.00 56.00 0.00 72.00 0.00 0.137532
4 22.00 0.00 106.00 0.00 50.00 0.00 78.00 0.00 0.0667524
4 16.00 0.00 112.00 0.00 48.00 0.00 80.00 0.00 0.0574786
4 58.00 0.00 70.00 0.00 62.00 0.00 66.00 0.00 0.462112
4 34.00 0.00 94.00 0.00 54.00 0.00 74.00 0.00 0.101566
4 10.00 0.00 118.00 0.00 46.00 0.00 82.00 0.00 0.0509657
4 52.00 0.00 76.00 0.00 60.00 0.00 68.00 0.00 0.269966
4 46.00 0.00 82.00 0.00 58.00 0.00 70.00 0.00 0.196673
4 28.00 0.00 100.00 0.00 52.00 0.00 76.00 0.00 0.0817536
4 4.00 0.00 124.00 0.00 44.00 0.00 84.00 0.00 0.0460282
4 38.00 0.00 92.00 0.00 56.00 0.00 74.00 0.00 0.114869
4 62.00 0.00 68.00 0.00 64.00 0.00 66.00 0.00 1.42123
4 50.00 0.00 80.00 0.00 60.00 0.00 70.00 0.00 0.22547
4 56.00 0.00 74.00 0.00 62.00 0.00 68.00 0.00 0.284298
4 44.00 0.00 86.00 0.00 58.00 0.00 72.00 0.00 0.164601
4 36.00 0.00 96.00 0.00 56.00 0.00 76.00 0.00 0.100894
4 24.00 0.00 108.00 0.00 52.00 0.00 80.00 0.00 0.0686522
4 60.00 0.00 72.00 0.00 64.00 0.00 68.00 0.00 0.392001
4 30.00 0.00 102.00 0.00 54.00 0.00 78.00 0.00 0.0826028
4 6.00 0.00 126.00 0.00 46.00 0.00 86.00 0.00 0.0451838
4 54.00 0.00 78.00 0.00 62.00 0.00 70.00 0.00 0.214582
4 48.00 0.00 84.00 0.00 60.00 0.00 72.00 0.00 0.190828
4 18.00 0.00 114.00 0.00 50.00 0.00 82.00 0.00 0.0570255
4 42.00 0.00 90.00 0.00 58.00 0.00 74.00 0.00 0.13018
4 12.00 0.00 120.00 0.00 48.00 0.00 84.00 0.00 0.0500436
4 58.00 0.00 76.00 0.00 64.00 0.00 70.00 0.00 0.256857
4 52.00 0.00 82.00 0.00 62.00 0.00 72.00 0.00 0.175253
4 64.00 0.00 70.00 0.00 66.00 0.00 68.00 0.00 1.21296
4 46.00 0.00 88.00 0.00 60.00 0.00 74.00 0.00 0.152643
4 40.00 0.00 94.00 0.00 58.00 0.00 76.00 0.00 0.112806
4 32.00 0.00 104.00 0.00 56.00 0.00 80.00 0.00 0.0814986
4 50.00 0.00 86.00 0.00 62.00 0.00 74.00 0.00 0.148646
4 20.00 0.00 116.00 0.00 52.00 0.00 84.00 0.00 0.0575586
4 14.00 0.00 122.00 0.00 50.00 0.00 86.00 0.00 0.050827
4 62.00 0.00 74.00 0.00 66.00 0.00 70.00 0.00 0.499397
4 44.00 0.00 92.00 0.00 60.00 0.00 76.00 0.00 0.12754
4 56.00 0.00 80.00 0.00 64.00 0.00 72.00 0.00 0.189952
4 38.00 0.00 98.00 0.00 58.00 0.00 78.00 0.00 0.10128
4 26.00 0.00 110.00 0.00 54.00 0.00 82.00 0.00 0.0686019
4 60.00 0.00 78.00 0.00 66.00 0.00 72.00 0.00 0.23293
4 48.00 0.00 90.00 0.00 62.00 0.00 76.00 0.00 0.125181
4 66.00 0.00 72.00 0.00 68.00 0.00 70.00 0.00 1.21541
4 42.00 0.00 96.00 0.00 60.00 0.00 78.00 0.00 0.108759
4 54.00 0.00 84.00 0.00 64.00 0.00 74.00 0.00 0.151956
4 34.00 0.00 106.00 0.00 58.00 0.00 82.00 0.00 0.0818713
4 46.00 0.00 94.00 0.00 62.00 0.00 78.00 0.00 0.107302
4 16.00 0.00 124.00 0.00 52.00 0.00 88.00 0.00 0.0527819
4 58.00 0.00 82.00 0.00 66.00 0.00 74.00 0.00 0.170677
4 28.00 0.00 112.00 0.00 56.00 0.00 84.00 0.00 0.0687668
4 64.00 0.00 76.00 0.00 68.00 0.00 72.00 0.00 0.486143
4 52.00 0.00 88.00 0.00 64.00 0.00 76.00 0.00 0.128672
4 40.00 0.00 100.00 0.00 60.00 0.00 80.00 0.00 0.0967602
4 22.00 0.00 118.00 0.00 54.00 0.00 86.00 0.00 0.058511
4 68.00 0.00 74.00 0.00 70.00 0.00 72.00 0.00 0.867144
4 50.00 0.00 92.00 0.00 64.00 0.00 78.00 0.00 0.110602
4 62.00 0.00 80.00 0.00 68.00 0.00 74.00 0.00 0.260506
4 56.00 0.00 86.00 0.00 66.00 0.00 76.00 0.00 0.147162
4 44.00 0.00 98.00 0.00 62.00 0.00 80.00 0.00 0.0956939
4 18.00 0.00 126.00 0.00 54.00 0.00 90.00 0.00 0.0540533
4 30.00 0.00 114.00 0.00 58.00 0.00 86.00 0.00 0.0682481
4 66.00 0.00 78.00 0.00 70.00 0.00 74.00 0.00 0.377309
4 24.00 0.00 120.00 0.00 56.00 0.00 88.00 0.00 0.0605743
4 60.00 0.00 84.00 0.00 68.00 0.00 76.00 0.00 0.178483
4 48.00 0.00 96.00 0.00 64.00 0.00 80.00 0.00 0.0987007
4 54.00 0.00 90.00 0.00 66.00 0.00 78.00 0.00 0.115532
4 42.00 0.00 102.00 0.00 62.00 0.00 82.00 0.00 0.0834586
4 36.00 0.00 108.00 0.00 60.00 0.00 84.00 0.00 0.0803776
4 64.00 0.00 82.00 0.00 70.00 0.00 76.00 0.00 0.259983
4 52.00 0.00 94.00 0.00 66.00 0.00 80.00 0.00 0.101411
4 58.00 0.00 88.00 0.00 68.00 0.00 78.00 0.00 0.138437
4 46.00 0.00 100.00 0.00 64.00 0.00 82.00 0.00 0.0869359
4 70.00 0.00 76.00 0.00 72.00 0.00 74.00 0.00 0.692184
4 62.00 0.00 86.00 0.00 70.00 0.00 78.00 0.00 0.195034
4 50.00 0.00 98.00 0.00 66.00 0.00 82.00 0.00 0.0923032
4 32.00 0.00 116.00 0.00 60.00 0.00 88.00 0.00 0.0689893
4 44.00 0.00 104.00 0.00 64.00 0.00 84.00 0.00 0.0778957
4 68.00 0.00 80.00 0.00 72.00 0.00 76.00 0.00 0.365834
4 56.00 0.00 92.00 0.00 68.00 0.00 80.00 0.00 0.113434
4 38.00 0.00 110.00 0.00 62.00 0.00 86.00 0.00 0.0701178
4 26.00 0.00 122.00 0.00 58.00 0.00 90.00 0.00 0.0623131
4 48.00 0.00 102.00 0.00 66.00 0.00 84.00 0.00 0.082031
4 66.00 0.00 84.00 0.00 72.00 0.00 78.00 0.00 0.268609
4 72.00 0.00 78.00 0.00 74.00 0.00 76.00 0.00 0.748919
4 60.00 0.00 90.00 0.00 70.00 0.00 80.00 0.00 0.132453
4 54.00 0.00 96.00 0.00 68.00 0.00 82.00 0.00 0.0963815
4 46.00 0.00 106.00 0.00 66.00 0.00 86.00 0.00 0.0771735
4 28.00 0.00 124.00 0.00 60.00 0.00 92.00 0.00 0.0620991
4 64.00 0.00 88.00 0.00 72.00 0.00 80.00 0.00 0.200558
4 58.00 0.00 94.00 0.00 70.00 0.00 82.00 0.00 0.107505
4 40.00 0.00 112.00 0.00 64.00 0.00 88.00 0.00 0.0688941
4 70.00 0.00 82.00 0.00 74.00 0.00 78.00 0.00 0.408492
4 52.00 0.00 100.00 0.00 68.00 0.00 84.00 0.00 0.0856476
4 34.00 0.00 118.00 0.00 62.00 0.00 90.00 0.00 0.0645635
4 74.00 0.00 80.00 0.00 76.00 0.00 78.00 0.00 0.634009
4 62.00 0.00 92.00 0.00 72.00 0.00 82.00 0.00 0.147801
4 50.00 0.00 104.00 0.00 68.00 0.00 86.00 0.00 0.0801655
4 56.00 0.00 98.00 0.00 70.00 0.00 84.00 0.00 0.0944082
4 68.00 0.00 86.00 0.00 74.00 0.00 80.00 0.00 0.292116
4 36.00 0.00 120.00 0.00 64.00 0.00 92.00 0.00 0.062189
4 60.00 0.00 96.00 0.00 72.00 0.00 84.00 0.00 0.109052
4 42.00 0.00 114.00 0.00 66.00 0.00 90.00 0.00 0.0677992
4 72.00 0.00 84.00 0.00 76.00 0.00 80.00 0.00 0.406148
4 54.00 0.00 102.00 0.00 70.00 0.00 86.00 0.00 0.0838128
4 30.00 0.00 126.00 0.00 62.00 0.00 94.00 0.00 0.056995
4 66.00 0.00 90.00 0.00 74.00 0.00 82.00 0.00 0.205575
4 48.00 0.00 108.00 0.00 68.00 0.00 88.00 0.00 0.0815343
4 76.00 0.00 82.00 0.00 78.00 0.00 80.00 0.00 0.789193
4 58.00 0.00 100.00 0.00 72.00 0.00 86.00 0.00 0.0957825
4 70.00 0.00 88.00 0.00 76.00 0.00 82.00 0.00 0.269741
4 52.00 0.00 106.00 0.00 70.00 0.00 88.00 0.00 0.0844258
4 64.00 0.00 94.00 0.00 74.00 0.00 84.00 0.00 0.157913
4 74.00 0.00 86.00 0.00 78.00 0.00 82.00 0.00 0.39157
4 56.00 0.00 104.00 0.00 72.00 0.00 88.00 0.00 0.0918934
4 38.00 0.00 122.00 0.00 66.00 0.00 94.00 0.00 0.0611191
4 62.00 0.00 98.00 0.00 74.00 0.00 86.00 0.00 0.132561
4 50.00 0.00 110.00 0.00 70.00 0.00 90.00 0.00 0.0789941
4 68.00 0.00 92.00 0.00 76.00 0.00 84.00 0.00 0.195325
4 44.00 0.00 116.00 0.00 68.00 0.00 92.00 0.00 0.0686244
4 54.00 0.00 108.00 0.00 72.00 0.00 90.00 0.00 0.0891376
4 78.00 0.00 84.00 0.00 80.00 0.00 82.00 0.00 0.815042
4 72.00 0.00 90.00 0.00 78.00 0.00 84.00 0.00 0.247799
4 60.00 0.00 102.00 0.00 74.00 0.00 88.00 0.00 0.109839
4 66.00 0.00 96.00 0.00 76.00 0.00 86.00 0.00 0.163491
4 52.00 0.00 112.00 0.00 72.00 0.00 92.00 0.00 0.0797112
4 76.00 0.00 88.00 0.00 80.00 0.00 84.00 0.00 0.355528
4 70.00 0.00 94.00 0.00 78.00 0.00 86.00 0.00 0.204023
4 64.00 0.00 100.00 0.00 76.00 0.00 88.00 0.00 0.146082
4 58.00 0.00 106.00 0.00 74.00 0.00 90.00 0.00 0.101928
4 40.00 0.00 124.00 0.00 68.00 0.00 96.00 0.00 0.0599832
4 46.00 0.00 118.00 0.00 70.00 0.00 94.00 0.00 0.0694968
4 74.00 0.00 92.00 0.00 80.00 0.00 86.00 0.00 0.248754
4 68.00 0.00 98.00 0.00 78.00 0.00 88.00 0.00 0.186976
4 62.00 0.00 104.00 0.00 76.00 0.00 90.00 0.00 0.12551
4 80.00 0.00 86.00 0.00 82.00 0.00 84.00 0.00 0.8279
4 56.00 0.00 110.00 0.00 74.00 0.00 92.00 0.00 0.089005
4 72.00 0.00 96.00 0.00 80.00 0.00 88.00 0.00 0.226584
4 66.00 0.00 102.00 0.00 78.00 0.00 90.00 0.00 0.155844
4 48.00 0.00 120.00 0.00 72.00 0.00 96.00 0.00 0.0704013
4 60.00 0.00 108.00 0.00 76.00 0.00 92.00 0.00 0.106294
4 42.00 0.00 126.00 0.00 70.00 0.00 98.00 0.00 0.0582307
4 78.00 0.00 90.00 0.00 82.00 0.00 86.00 0.00 0.386756
4 54.00 0.00 114.00 0.00 74.00 0.00 94.00 0.00 0.0804312
4 76.00 0.00 94.00 0.00 82.00 0.00 88.00 0.00 0.305024
4 64.00 0.00 106.00 0.00 78.00 0.00 92.00 0.00 0.13601
4 58.00 0.00 112.00 0.00 76.00 0.00 94.00 0.00 0.0904519
4 82.00 0.00 88.00 0.00 84.00 0.00 86.00 0.00 0.895938
4 70.00 0.00 100.00 0.00 80.00 0.00 90.00 0.00 0.189369
4 68.00 0.00 104.00 0.00 80.00 0.00 92.00 0.00 0.155704
4 74.00 0.00 98.00 0.00 82.00 0.00 90.00 0.00 0.244759
4 62.00 0.00 110.00 0.00 78.00 0.00 94.00 0.00 0.112903
4 56.00 0.00 116.00 0.00 76.00 0.00 96.00 0.00 0.0815638
4 80.00 0.00 92.00 0.00 84.00 0.00 88.00 0.00 0.523232
4 50.00 0.00 122.00 0.00 74.00 0.00 98.00 0.00 0.0706369
4 84.00 0.00 90.00 0.00 86.00 0.00 88.00 0.00 1.04814
4 66.00 0.00 108.00 0.00 80.00 0.00 94.00 0.00 0.141285
4 60.00 0.00 114.00 0.00 78.00 0.00 96.00 0.00 0.0914805
4 78.00 0.00 96.00 0.00 84.00 0.00 90.00 0.00 0.336044
4 72.00 0.00 102.00 0.00 82.00 0.00 92.00 0.00 0.188881
4 82.00 0.00 94.00 0.00 86.00 0.00 90.00 0.00 0.557084
4 64.00 0.00 112.00 0.00 80.00 0.00 96.00 0.00 0.116981
4 76.00 0.00 100.00 0.00 84.00 0.00 92.00 0.00 0.239849
4 58.00 0.00 118.00 0.00 78.00 0.00 98.00 0.00 0.0826092
4 52.00 0.00 124.00 0.00 76.00 0.00 100.00 0.00 0.0713661
4 70.00 0.00 106.00 0.00 82.00 0.00 94.00 0.00 0.164869
4 86.00 0.00 92.00 0.00 88.00 0.00 90.00 0.00 0.985834
4 62.00 0.00 116.00 0.00 80.00 0.00 98.00 0.00 0.0989109
4 74.00 0.00 104.00 0.00 84.00 0.00 94.00 0.00 0.187542
4 80.00 0.00 98.00 0.00 86.00 0.00 92.00 0.00 0.356189
4 68.00 0.00 110.00 0.00 82.00 0.00 96.00 0.00 0.136003
4 78.00 0.00 102.00 0.00 86.00 0.00 94.00 0.00 0.239666
4 84.00 0.00 96.00 0.00 88.00 0.00 92.00 0.00 0.466782
4 72.00 0.00 108.00 0.00 84.00 0.00 96.00 0.00 0.167186
4 60.00 0.00 120.00 0.00 80.00 0.00 100.00 0.00 0.0866629
4 54.00 0.00 126.00 0.00 78.00 0.00 102.00 0.00 0.070944
4 66.00 0.00 114.00 0.00 82.00 0.00 98.00 0.00 0.116497
4 82.00 0.00 100.00 0.00 88.00 0.00 94.00 0.00 0.299685
4 76.00 0.00 106.00 0.00 86.00 0.00 96.00 0.00 0.194089
4 64.00 0.00 118.00 0.00 82.00 0.00 100.00 0.00 0.107892
4 88.00 0.00 94.00 0.00 90.00 0.00 92.00 0.00 1.05441
4 70.00 0.00 112.00 0.00 84.00 0.00 98.00 0.00 0.136316
4 80.00 0.00 104.00 0.00 88.00 0.00 96.00 0.00 0.218351
4 62.00 0.00 122.00 0.00 82.00 0.00 102.00 0.00 0.0954959
4 68.00 0.00 116.00 0.00 84.00 0.00 100.00 0.00 0.122084
4 74.00 0.00 110.00 0.00 86.00 0.00 98.00 0.00 0.150059
4 86.00 0.00 98.00 0.00 90.00 0.00 94.00 0.00 0.4851
4 90.00 0.00 96.00 0.00 92.00 0.00 94.00 0.00 1.0731
4 84.00 0.00 102.00 0.00 90.00 0.00 96.00 0.00 0.270501
4 72.00 0.00 114.00 0.00 86.00 0.00 100.00 0.00 0.135796
4 78.00 0.00 108.00 0.00 88.00 0.00 98.00 0.00 0.176618
4 66.00 0.00 120.00 0.00 84.00 0.00 102.00 0.00 0.111003
4 88.00 0.00 100.00 0.00 92.00 0.00 96.00 0.00 0.47129
4 76.00 0.00 112.00 0.00 88.00 0.00 100.00 0.00 0.145736
4 82.00 0.00 106.00 0.00 90.00 0.00 98.00 0.00 0.202678
4 70.00 0.00 118.00 0.00 86.00 0.00 102.00 0.00 0.124392
4 64.00 0.00 124.00 0.00 84.00 0.00 104.00 0.00 0.100338
4 86.00 0.00 104.00 0.00 92.00 0.00 98.00 0.00 0.249055
4 92.00 0.00 98.00 0.00 94.00 0.00 96.00 0.00 1.21604
4 80.00 0.00 110.00 0.00 90.00 0.00 100.00 0.00 0.164597
4 74.00 0.00 116.00 0.00 88.00 0.00 102.00 0.00 0.125249
4 68.00 0.00 122.00 0.00 86.00 0.00 104.00 0.00 0.112416
4 90.00 0.00 102.00 0.00 94.00 0.00 98.00 0.00 0.424921
4 72.00 0.00 120.00 0.00 88.00 0.00 104.00 0.00 0.117227
4 66.00 0.00 126.00 0.00 86.00 0.00 106.00 0.00 0.0985714
4 84.00 0.00 108.00 0.00 92.00 0.00 100.00 0.00 0.212919
4 78.00 0.00 114.00 0.00 90.00 0.00 102.00 0.00 0.135173
4 70.00 0.00 124.00 0.00 88.00 0.00 106.00 0.00 0.103724
4 76.00 0.00 118.00 0.00 90.00 0.00 104.00 0.00 0.124005
4 88.00 0.00 106.00 0.00 94.00 0.00 100.00 0.00 0.302853
4 94.00 0.00 100.00 0.00 96.00 0.00 98.00 0.00 0.757189
4 82.00 0.00 112.00 0.00 92.00 0.00 102.00 0.00 0.159054
4 92.00 0.00 104.00 0.00 96.00 0.00 100.00 0.00 0.427989
4 74.00 0.00 122.00 0.00 90.00 0.00 106.00 0.00 0.107037
4 86.00 0.00 110.00 0.00 94.00 0.00 102.00 0.00 0.195315
4 80.00 0.00 116.00 0.00 92.00 0.00 104.00 0.00 0.136137
4 90.00 0.00 108.00 0.00 96.00 0.00 102.00 0.00 0.31062
4 72.00 0.00 126.00 0.00 90.00 0.00 108.00 0.00 0.0968657
4 84.00 0.00 114.00 0.00 94.00 0.00 104.00 0.00 0.154396
4 96.00 0.00 102.00 0.00 98.00 0.00 100.00 0.00 1.06063
4 78.00 0.00 120.00 0.00 92.00 0.00 106.00 0.00 0.116536
4 88.00 0.00 112.00 0.00 96.00 0.00 104.00 0.00 0.214716
4 94.00 0.00 106.00 0.00 98.00 0.00 102.00 0.00 0.491522
4 76.00 0.00 124.00 0.00 92.00 0.00 108.00 0.00 0.103489
4 82.00 0.00 118.00 0.00 94.00 0.00 106.00 0.00 0.129863
4 80.00 0.00 122.00 0.00 94.00 0.00 108.00 0.00 0.114333
4 86.00 0.00 116.00 0.00 96.00 0.00 106.00 0.00 0.149717
4 98.00 0.00 104.00 0.00 100.00 0.00 102.00 0.00 0.560951
4 92.00 0.00 110.00 0.00 98.00 0.00 104.00 0.00 0.308219
4 84.00 0.00 120.00 0.00 96.00 0.00 108.00 0.00 0.126099
4 78.00 0.00 126.00 0.00 94.00 0.00 110.00 0.00 0.109606
4 96.00 0.00 108.00 0.00 100.00 0.00 104.00 0.00 0.433634
4 90.00 0.00 114.00 0.00 98.00 0.00 106.00 0.00 0.212792
4 82.00 0.00 124.00 0.00 96.00 0.00 110.00 0.00 0.122794
4 100.00 0.00 106.00 0.00 102.00 0.00 104.00 0.00 0.69377
4 94.00 0.00 112.00 0.00 100.00 0.00 106.00 0.00 0.24606
4 88.00 0.00 118.00 0.00 98.00 0.00 108.00 0.00 0.168242
4 98.00 0.00 110.00 0.00 102.00 0.00 106.00 0.00 0.301347
4 92.00 0.00 116.00 0.00 100.00 0.00 108.00 0.00 0.187808
4 86.00 0.00 122.00 0.00 98.00 0.00 110.00 0.00 0.147818
4 102.00 0.00 108.00 0.00 104.00 0.00 106.00 0.00 0.450284
4 96.00 0.00 114.00 0.00 102.00 0.00 108.00 0.00 0.22386
4 90.00 0.00 120.00 0.00 100.00 0.00 110.00 0.00 0.179247
4 84.00 0.00 126.00 0.00 98.00 0.00 112.00 0.00 0.124743
4 100.00 0.00 112.00 0.00 104.00 0.00 108.00 0.00 0.274359
4 88.00 0.00 124.00 0.00 100.00 0.00 112.00 0.00 0.146755
4 94.00 0.00 118.00 0.00 102.00 0.00 110.00 0.00 0.21828
4 98.00 0.00 116.00 0.00 104.00 0.00 110.00 0.00 0.246568
4 92.00 0.00 122.00 0.00 102.00 0.00 112.00 0.00 0.178464
4 104.00 0.00 110.00 0.00 106.00 0.00 108.00 0.00 0.497929
4 96.00 0.00 120.00 0.00 104.00 0.00 112.00 0.00 0.209991
4 90.00 0.00 126.00 0.00 102.00 0.00 114.00 0.00 0.153797
4 102.00 0.00 114.00 0.00 106.00 0.00 110.00 0.00 0.379291
4 94.00 0.00 124.00 0.00 104.00 0.00 114.00 0.00 0.180558
4 100.00 0.00 118.00 0.00 106.00 0.00 112.00 0.00 0.288714
4 106.00 0.00 112.00 0.00 108.00 0.00 110.00 0.00 0.700979
4 98.00 0.00 122.00 0.00 106.00 0.00 114.00 0.00 0.231461
4 104.00 0.00 116.00 0.00 108.00 0.00 112.00 0.00 0.418867
4 108.00 0.00 114.00 0.00 110.00 0.00 112.00 0.00 0.434143
4 102.00 0.00 120.00 0.00 108.00 0.00 114.00 0.00 0.314395
4 96.00 0.00 126.00 0.00 106.00 0.00 116.00 0.00 0.185905
4 106.00 0.00 118.00 0.00 110.00 0.00 114.00 0.00 0.367025
4 100.00 0.00 124.00 0.00 108.00 0.00 116.00 0.00 0.237587
4 104.00 0.00 122.00 0.00 110.00 0.00 116.00 0.00 0.267142
4 110.00 0.00 116.00 0.00 112.00 0.00 114.00 0.00 0.704671
4 102.00 0.00 126.00 0.00 110.00 0.00 118.00 0.00 0.193638
4 108.00 0.00 120.00 0.00 112.00 0.00 116.00 0.00 0.341922
4 106.00 0.00 124.00 0.00 112.00 0.00 118.00 0.00 0.232809
4 112.00 0.00 118.00 0.00 114.00 0.00 116.00 0.00 0.641433
4 110.00 0.00 122.00 0.00 114.00 0.00 118.00 0.00 0.32218
4 108.00 0.00 126.00 0.00 114.00 0.00 120.00 0.00 0.218805
4 114.00 0.00 120.00 0.00 116.00 0.00 118.00 0.00 0.625635
4 112.00 0.00 124.00 0.00 116.00 0.00 120.00 0.00 0.333608
4 116.00 0.00 122.00 0.00 118.00 0.00 120.00 0.00 0.771771
4 114.00 0.00 126.00 0.00 118.00 0.00 122.00 0.00 0.400588
4 118.00 0.00 124.00 0.00 120.00 0.00 122.00 0.00 0.643875
4 120.00 0.00 126.00 0.00 122.00 0.00 124.00 0.00 0.832573
0
0
0
0
0