Project7 ALL64_3
2.00
11
11
Type of measurement (0=app.resistivity,1=resistance)
1
1443
2
0
4 0.00 0.00 2.00 0.00 6.00 0.00 4.00 0.00 0.246555
4 0.00 0.00 2.00 0.00 8.00 0.00 6.00 0.00 0.0426816
4 0.00 0.00 2.00 0.00 10.00 0.00 8.00 0.00 0.0205051
4 2.00 0.00 4.00 0.00 8.00 0.00 6.00 0.00 0.168205
4 0.00 0.00 2.00 0.00 12.00 0.00 10.00 0.00 0.0112035
4 2.00 0.00 4.00 0.00 10.00 0.00 8.00 0.00 0.0511794
4 0.00 0.00 2.00 0.00 14.00 0.00 12.00 0.00 0.00638338
4 2.00 0.00 4.00 0.00 12.00 0.00 10.00 0.00 0.0222525
4 4.00 0.00 6.00 0.00 10.00 0.00 8.00 0.00 0.279091
4 0.00 0.00 2.00 0.00 16.00 0.00 14.00 0.00 0.00392709
4 2.00 0.00 4.00 0.00 14.00 0.00 12.00 0.00 0.0111446
4 4.00 0.00 6.00 0.00 12.00 0.00 10.00 0.00 0.0678975
4 2.00 0.00 4.00 0.00 16.00 0.00 14.00 0.00 0.00628998
4 4.00 0.00 6.00 0.00 14.00 0.00 12.00 0.00 0.026173
4 6.00 0.00 8.00 0.00 12.00 0.00 10.00 0.00 0.213657
4 2.00 0.00 4.00 0.00 18.00 0.00 16.00 0.00 0.00421453
4 4.00 0.00 6.00 0.00 16.00 0.00 14.00 0.00 0.0127301
4 6.00 0.00 8.00 0.00 14.00 0.00 12.00 0.00 0.0507364
4 0.00 0.00 4.00 0.00 20.00 0.00 16.00 0.00 0.0108426
4 4.00 0.00 6.00 0.00 18.00 0.00 16.00 0.00 0.00773213
4 6.00 0.00 8.00 0.00 16.00 0.00 14.00 0.00 0.0197078
4 8.00 0.00 10.00 0.00 14.00 0.00 12.00 0.00 0.20153
4 0.00 0.00 6.00 0.00 24.00 0.00 18.00 0.00 0.0184143
4 8.00 0.00 10.00 0.00 16.00 0.00 14.00 0.00 0.0489405
4 2.00 0.00 6.00 0.00 22.00 0.00 18.00 0.00 0.00989399
4 4.00 0.00 6.00 0.00 20.00 0.00 18.00 0.00 0.00387024
4 0.00 0.00 4.00 0.00 24.00 0.00 20.00 0.00 0.00554916
4 6.00 0.00 8.00 0.00 18.00 0.00 16.00 0.00 0.0104112
4 8.00 0.00 10.00 0.00 18.00 0.00 16.00 0.00 0.0209251
4 10.00 0.00 12.00 0.00 16.00 0.00 14.00 0.00 0.210192
4 6.00 0.00 8.00 0.00 20.00 0.00 18.00 0.00 0.00479133
4 4.00 0.00 8.00 0.00 24.00 0.00 20.00 0.00 0.0110191
4 8.00 0.00 10.00 0.00 20.00 0.00 18.00 0.00 0.00856779
4 2.00 0.00 6.00 0.00 26.00 0.00 22.00 0.00 0.00784873
4 0.00 0.00 4.00 0.00 28.00 0.00 24.00 0.00 0.00431032
4 2.00 0.00 8.00 0.00 26.00 0.00 20.00 0.00 0.0195818
4 10.00 0.00 12.00 0.00 18.00 0.00 16.00 0.00 0.0543184
4 6.00 0.00 8.00 0.00 22.00 0.00 20.00 0.00 0.00275596
4 8.00 0.00 10.00 0.00 22.00 0.00 20.00 0.00 0.00456206
4 12.00 0.00 14.00 0.00 18.00 0.00 16.00 0.00 0.215306
4 10.00 0.00 12.00 0.00 20.00 0.00 18.00 0.00 0.0180014
4 4.00 0.00 8.00 0.00 28.00 0.00 24.00 0.00 0.00763934
4 12.00 0.00 14.00 0.00 20.00 0.00 18.00 0.00 0.0432918
4 2.00 0.00 6.00 0.00 30.00 0.00 26.00 0.00 0.00554657
4 0.00 0.00 4.00 0.00 32.00 0.00 28.00 0.00 0.00374548
4 4.00 0.00 10.00 0.00 28.00 0.00 22.00 0.00 0.0239735
4 10.00 0.00 12.00 0.00 22.00 0.00 20.00 0.00 0.00844933
4 8.00 0.00 10.00 0.00 24.00 0.00 22.00 0.00 0.00483504
4 6.00 0.00 10.00 0.00 26.00 0.00 22.00 0.00 0.0130599
4 14.00 0.00 16.00 0.00 20.00 0.00 18.00 0.00 0.170078
4 10.00 0.00 12.00 0.00 24.00 0.00 22.00 0.00 0.0081691
4 12.00 0.00 14.00 0.00 22.00 0.00 20.00 0.00 0.016673
4 14.00 0.00 16.00 0.00 22.00 0.00 20.00 0.00 0.0413834
4 12.00 0.00 14.00 0.00 24.00 0.00 22.00 0.00 0.0140834
4 0.00 0.00 6.00 0.00 36.00 0.00 30.00 0.00 0.00657968
4 10.00 0.00 12.00 0.00 26.00 0.00 24.00 0.00 0.00489158
4 6.00 0.00 10.00 0.00 30.00 0.00 26.00 0.00 0.00818169
4 8.00 0.00 12.00 0.00 28.00 0.00 24.00 0.00 0.0143778
4 4.00 0.00 8.00 0.00 32.00 0.00 28.00 0.00 0.00604746
4 2.00 0.00 6.00 0.00 34.00 0.00 30.00 0.00 0.00393659
4 6.00 0.00 12.00 0.00 30.00 0.00 24.00 0.00 0.0252231
4 16.00 0.00 18.00 0.00 22.00 0.00 20.00 0.00 0.198514
4 14.00 0.00 16.00 0.00 24.00 0.00 22.00 0.00 0.0280448
4 12.00 0.00 14.00 0.00 26.00 0.00 24.00 0.00 0.00760415
4 10.00 0.00 14.00 0.00 30.00 0.00 26.00 0.00 0.0168367
4 8.00 0.00 12.00 0.00 32.00 0.00 28.00 0.00 0.00997382
4 8.00 0.00 14.00 0.00 32.00 0.00 26.00 0.00 0.0298275
4 6.00 0.00 10.00 0.00 34.00 0.00 30.00 0.00 0.00538007
4 4.00 0.00 8.00 0.00 36.00 0.00 32.00 0.00 0.00289666
4 0.00 0.00 8.00 0.00 40.00 0.00 32.00 0.00 0.00752234
4 2.00 0.00 8.00 0.00 38.00 0.00 32.00 0.00 0.00516137
4 16.00 0.00 18.00 0.00 24.00 0.00 22.00 0.00 0.0787099
4 12.00 0.00 14.00 0.00 28.00 0.00 26.00 0.00 0.00553502
4 14.00 0.00 16.00 0.00 26.00 0.00 24.00 0.00 0.0129645
4 16.00 0.00 18.00 0.00 26.00 0.00 24.00 0.00 0.0275125
4 14.00 0.00 16.00 0.00 28.00 0.00 26.00 0.00 0.00845991
4 18.00 0.00 20.00 0.00 24.00 0.00 22.00 0.00 0.252635
4 0.00 0.00 6.00 0.00 42.00 0.00 36.00 0.00 0.00274663
4 8.00 0.00 12.00 0.00 36.00 0.00 32.00 0.00 0.00445562
4 6.00 0.00 10.00 0.00 38.00 0.00 34.00 0.00 0.00227397
4 10.00 0.00 16.00 0.00 34.00 0.00 28.00 0.00 0.0311289
4 2.00 0.00 10.00 0.00 42.00 0.00 34.00 0.00 0.00678211
4 16.00 0.00 18.00 0.00 28.00 0.00 26.00 0.00 0.0153773
4 14.00 0.00 16.00 0.00 30.00 0.00 28.00 0.00 0.00614193
4 18.00 0.00 20.00 0.00 26.00 0.00 24.00 0.00 0.0487315
4 12.00 0.00 16.00 0.00 32.00 0.00 28.00 0.00 0.0189269
4 4.00 0.00 10.00 0.00 40.00 0.00 34.00 0.00 0.00449565
4 10.00 0.00 14.00 0.00 34.00 0.00 30.00 0.00 0.00994003
4 20.00 0.00 22.00 0.00 26.00 0.00 24.00 0.00 0.133413
4 18.00 0.00 20.00 0.00 28.00 0.00 26.00 0.00 0.0216437
4 2.00 0.00 8.00 0.00 44.00 0.00 38.00 0.00 0.00257948
4 16.00 0.00 18.00 0.00 30.00 0.00 28.00 0.00 0.0101077
4 16.00 0.00 18.00 0.00 32.00 0.00 30.00 0.00 0.0075765
4 8.00 0.00 12.00 0.00 40.00 0.00 36.00 0.00 0.00235541
4 18.00 0.00 20.00 0.00 30.00 0.00 28.00 0.00 0.0124143
4 0.00 0.00 6.00 0.00 48.00 0.00 42.00 0.00 0.00175814
4 20.00 0.00 22.00 0.00 28.00 0.00 26.00 0.00 0.0377656
4 12.00 0.00 16.00 0.00 36.00 0.00 32.00 0.00 0.00751437
4 14.00 0.00 18.00 0.00 34.00 0.00 30.00 0.00 0.0191251
4 10.00 0.00 14.00 0.00 38.00 0.00 34.00 0.00 0.00385632
4 6.00 0.00 12.00 0.00 42.00 0.00 36.00 0.00 0.00436412
4 0.00 0.00 8.00 0.00 48.00 0.00 40.00 0.00 0.00352783
4 12.00 0.00 18.00 0.00 36.00 0.00 30.00 0.00 0.0297468
4 4.00 0.00 12.00 0.00 44.00 0.00 36.00 0.00 0.00668012
4 22.00 0.00 24.00 0.00 28.00 0.00 26.00 0.00 0.242898
4 4.00 0.00 10.00 0.00 46.00 0.00 40.00 0.00 0.00277977
4 20.00 0.00 22.00 0.00 30.00 0.00 28.00 0.00 0.0180242
4 18.00 0.00 20.00 0.00 32.00 0.00 30.00 0.00 0.00861806
4 12.00 0.00 16.00 0.00 40.00 0.00 36.00 0.00 0.00365675
4 10.00 0.00 14.00 0.00 42.00 0.00 38.00 0.00 0.0024398
4 20.00 0.00 22.00 0.00 32.00 0.00 30.00 0.00 0.0114938
4 2.00 0.00 8.00 0.00 50.00 0.00 44.00 0.00 0.00188809
4 8.00 0.00 14.00 0.00 44.00 0.00 38.00 0.00 0.00439826
4 14.00 0.00 18.00 0.00 38.00 0.00 34.00 0.00 0.0065083
4 18.00 0.00 20.00 0.00 34.00 0.00 32.00 0.00 0.00424574
4 2.00 0.00 10.00 0.00 50.00 0.00 42.00 0.00 0.00365169
4 14.00 0.00 20.00 0.00 38.00 0.00 32.00 0.00 0.021275
4 22.00 0.00 24.00 0.00 30.00 0.00 28.00 0.00 0.0692346
4 6.00 0.00 14.00 0.00 46.00 0.00 38.00 0.00 0.00686474
4 16.00 0.00 20.00 0.00 36.00 0.00 32.00 0.00 0.0127046
4 22.00 0.00 24.00 0.00 32.00 0.00 30.00 0.00 0.0365961
4 6.00 0.00 12.00 0.00 48.00 0.00 42.00 0.00 0.00261562
4 20.00 0.00 22.00 0.00 34.00 0.00 32.00 0.00 0.00529109
4 24.00 0.00 26.00 0.00 30.00 0.00 28.00 0.00 0.253236
4 16.00 0.00 20.00 0.00 40.00 0.00 36.00 0.00 0.00556416
4 18.00 0.00 22.00 0.00 38.00 0.00 34.00 0.00 0.00831503
4 4.00 0.00 12.00 0.00 52.00 0.00 44.00 0.00 0.00400582
4 0.00 0.00 8.00 0.00 56.00 0.00 48.00 0.00 0.00246242
4 24.00 0.00 26.00 0.00 32.00 0.00 30.00 0.00 0.0848828
4 12.00 0.00 16.00 0.00 44.00 0.00 40.00 0.00 0.00232316
4 22.00 0.00 24.00 0.00 34.00 0.00 32.00 0.00 0.0147621
4 16.00 0.00 22.00 0.00 40.00 0.00 34.00 0.00 0.0157789
4 10.00 0.00 16.00 0.00 46.00 0.00 40.00 0.00 0.00476475
4 14.00 0.00 18.00 0.00 42.00 0.00 38.00 0.00 0.00382075
4 4.00 0.00 10.00 0.00 52.00 0.00 46.00 0.00 0.00185341
4 20.00 0.00 22.00 0.00 36.00 0.00 34.00 0.00 0.00266988
4 8.00 0.00 16.00 0.00 48.00 0.00 40.00 0.00 0.00693225
4 8.00 0.00 14.00 0.00 50.00 0.00 44.00 0.00 0.00295971
4 24.00 0.00 26.00 0.00 34.00 0.00 32.00 0.00 0.0269545
4 22.00 0.00 24.00 0.00 36.00 0.00 34.00 0.00 0.0068453
4 26.00 0.00 28.00 0.00 32.00 0.00 30.00 0.00 0.521692
4 12.00 0.00 18.00 0.00 48.00 0.00 42.00 0.00 0.00469834
4 22.00 0.00 24.00 0.00 38.00 0.00 36.00 0.00 0.00432803
4 20.00 0.00 24.00 0.00 40.00 0.00 36.00 0.00 0.0103636
4 26.00 0.00 28.00 0.00 34.00 0.00 32.00 0.00 0.0866374
4 6.00 0.00 12.00 0.00 54.00 0.00 48.00 0.00 0.00210777
4 16.00 0.00 20.00 0.00 44.00 0.00 40.00 0.00 0.0033079
4 10.00 0.00 18.00 0.00 50.00 0.00 42.00 0.00 0.00732454
4 18.00 0.00 22.00 0.00 42.00 0.00 38.00 0.00 0.0044242
4 18.00 0.00 24.00 0.00 42.00 0.00 36.00 0.00 0.0174257
4 6.00 0.00 14.00 0.00 54.00 0.00 46.00 0.00 0.00403733
4 24.00 0.00 26.00 0.00 36.00 0.00 34.00 0.00 0.0110273
4 14.00 0.00 18.00 0.00 46.00 0.00 42.00 0.00 0.00262357
4 2.00 0.00 10.00 0.00 58.00 0.00 50.00 0.00 0.00235917
4 24.00 0.00 26.00 0.00 38.00 0.00 36.00 0.00 0.00649521
4 28.00 0.00 30.00 0.00 34.00 0.00 32.00 0.00 0.36403
4 10.00 0.00 16.00 0.00 52.00 0.00 46.00 0.00 0.00292113
4 26.00 0.00 28.00 0.00 36.00 0.00 34.00 0.00 0.0266738
4 4.00 0.00 12.00 0.00 60.00 0.00 52.00 0.00 0.00227345
4 24.00 0.00 26.00 0.00 40.00 0.00 38.00 0.00 0.00428426
4 26.00 0.00 28.00 0.00 38.00 0.00 36.00 0.00 0.0137068
4 8.00 0.00 14.00 0.00 56.00 0.00 50.00 0.00 0.00208555
4 0.00 0.00 8.00 0.00 64.00 0.00 56.00 0.00 0.00118175
4 8.00 0.00 16.00 0.00 56.00 0.00 48.00 0.00 0.00429698
4 16.00 0.00 20.00 0.00 48.00 0.00 44.00 0.00 0.00239506
4 20.00 0.00 26.00 0.00 44.00 0.00 38.00 0.00 0.0193947
4 12.00 0.00 20.00 0.00 52.00 0.00 44.00 0.00 0.00738088
4 22.00 0.00 26.00 0.00 42.00 0.00 38.00 0.00 0.0127772
4 28.00 0.00 30.00 0.00 36.00 0.00 34.00 0.00 0.0683746
4 20.00 0.00 24.00 0.00 44.00 0.00 40.00 0.00 0.0056035
4 14.00 0.00 20.00 0.00 50.00 0.00 44.00 0.00 0.0047207
4 18.00 0.00 22.00 0.00 46.00 0.00 42.00 0.00 0.00285085
4 26.00 0.00 28.00 0.00 40.00 0.00 38.00 0.00 0.00829795
4 28.00 0.00 30.00 0.00 38.00 0.00 36.00 0.00 0.0295871
4 12.00 0.00 18.00 0.00 54.00 0.00 48.00 0.00 0.00349094
4 30.00 0.00 32.00 0.00 36.00 0.00 34.00 0.00 0.278331
4 28.00 0.00 30.00 0.00 40.00 0.00 38.00 0.00 0.0162282
4 30.00 0.00 32.00 0.00 38.00 0.00 36.00 0.00 0.0770443
4 10.00 0.00 18.00 0.00 58.00 0.00 50.00 0.00 0.00423508
4 16.00 0.00 22.00 0.00 52.00 0.00 46.00 0.00 0.00397528
4 22.00 0.00 26.00 0.00 46.00 0.00 42.00 0.00 0.00738882
4 22.00 0.00 28.00 0.00 46.00 0.00 40.00 0.00 0.0260556
4 20.00 0.00 24.00 0.00 48.00 0.00 44.00 0.00 0.00374836
4 18.00 0.00 22.00 0.00 50.00 0.00 46.00 0.00 0.00177693
4 6.00 0.00 14.00 0.00 62.00 0.00 54.00 0.00 0.00187143
4 24.00 0.00 28.00 0.00 44.00 0.00 40.00 0.00 0.0148166
4 10.00 0.00 16.00 0.00 58.00 0.00 52.00 0.00 0.00197131
4 2.00 0.00 10.00 0.00 66.00 0.00 58.00 0.00 0.00117867
4 14.00 0.00 22.00 0.00 54.00 0.00 46.00 0.00 0.00670339
4 26.00 0.00 28.00 0.00 42.00 0.00 40.00 0.00 0.00589557
4 14.00 0.00 20.00 0.00 56.00 0.00 50.00 0.00 0.00307957
4 32.00 0.00 34.00 0.00 38.00 0.00 36.00 0.00 0.2478
4 30.00 0.00 32.00 0.00 40.00 0.00 38.00 0.00 0.0354439
4 28.00 0.00 30.00 0.00 42.00 0.00 40.00 0.00 0.0106844
4 4.00 0.00 12.00 0.00 68.00 0.00 60.00 0.00 0.00114706
4 16.00 0.00 24.00 0.00 56.00 0.00 48.00 0.00 0.00765078
4 20.00 0.00 24.00 0.00 52.00 0.00 48.00 0.00 0.00264412
4 24.00 0.00 28.00 0.00 48.00 0.00 44.00 0.00 0.00881666
4 28.00 0.00 30.00 0.00 44.00 0.00 42.00 0.00 0.00625609
4 8.00 0.00 16.00 0.00 64.00 0.00 56.00 0.00 0.00188457
4 12.00 0.00 20.00 0.00 60.00 0.00 52.00 0.00 0.00374136
4 18.00 0.00 24.00 0.00 54.00 0.00 48.00 0.00 0.00512805
4 24.00 0.00 30.00 0.00 48.00 0.00 42.00 0.00 0.0297571
4 32.00 0.00 34.00 0.00 40.00 0.00 38.00 0.00 0.0715424
4 22.00 0.00 26.00 0.00 50.00 0.00 46.00 0.00 0.0042543
4 12.00 0.00 18.00 0.00 60.00 0.00 54.00 0.00 0.00163781
4 26.00 0.00 30.00 0.00 46.00 0.00 42.00 0.00 0.0194419
4 30.00 0.00 32.00 0.00 42.00 0.00 40.00 0.00 0.0206641
4 16.00 0.00 22.00 0.00 58.00 0.00 52.00 0.00 0.00250607
4 30.00 0.00 32.00 0.00 44.00 0.00 42.00 0.00 0.0111207
4 34.00 0.00 36.00 0.00 40.00 0.00 38.00 0.00 0.238703
4 32.00 0.00 34.00 0.00 42.00 0.00 40.00 0.00 0.0337551
4 10.00 0.00 18.00 0.00 66.00 0.00 58.00 0.00 0.001943
4 20.00 0.00 26.00 0.00 56.00 0.00 50.00 0.00 0.00560289
4 24.00 0.00 28.00 0.00 52.00 0.00 48.00 0.00 0.00567543
4 32.00 0.00 34.00 0.00 44.00 0.00 42.00 0.00 0.0158849
4 28.00 0.00 32.00 0.00 48.00 0.00 44.00 0.00 0.0237874
4 22.00 0.00 26.00 0.00 54.00 0.00 50.00 0.00 0.00363118
4 18.00 0.00 26.00 0.00 58.00 0.00 50.00 0.00 0.0077432
4 26.00 0.00 30.00 0.00 50.00 0.00 46.00 0.00 0.00981312
4 30.00 0.00 32.00 0.00 46.00 0.00 44.00 0.00 0.00998606
4 14.00 0.00 20.00 0.00 62.00 0.00 56.00 0.00 0.00146714
4 14.00 0.00 22.00 0.00 62.00 0.00 54.00 0.00 0.00280735
4 6.00 0.00 14.00 0.00 70.00 0.00 62.00 0.00 0.0011208
4 26.00 0.00 32.00 0.00 50.00 0.00 44.00 0.00 0.0387123
4 34.00 0.00 36.00 0.00 42.00 0.00 40.00 0.00 0.068857
4 34.00 0.00 36.00 0.00 44.00 0.00 42.00 0.00 0.0261678
4 18.00 0.00 24.00 0.00 60.00 0.00 54.00 0.00 0.00223026
4 32.00 0.00 34.00 0.00 46.00 0.00 44.00 0.00 0.0131078
4 36.00 0.00 38.00 0.00 42.00 0.00 40.00 0.00 0.249236
4 28.00 0.00 32.00 0.00 52.00 0.00 48.00 0.00 0.013382
4 32.00 0.00 34.00 0.00 48.00 0.00 46.00 0.00 0.00590731
4 36.00 0.00 38.00 0.00 44.00 0.00 42.00 0.00 0.0587752
4 16.00 0.00 24.00 0.00 64.00 0.00 56.00 0.00 0.00297875
4 28.00 0.00 34.00 0.00 52.00 0.00 46.00 0.00 0.0364021
4 8.00 0.00 16.00 0.00 72.00 0.00 64.00 0.00 0.00120501
4 22.00 0.00 28.00 0.00 58.00 0.00 52.00 0.00 0.00645792
4 26.00 0.00 30.00 0.00 54.00 0.00 50.00 0.00 0.00768201
4 12.00 0.00 20.00 0.00 68.00 0.00 60.00 0.00 0.0017359
4 20.00 0.00 28.00 0.00 60.00 0.00 52.00 0.00 0.00864665
4 30.00 0.00 34.00 0.00 50.00 0.00 46.00 0.00 0.0205982
4 34.00 0.00 36.00 0.00 46.00 0.00 44.00 0.00 0.0187841
4 24.00 0.00 28.00 0.00 56.00 0.00 52.00 0.00 0.00381696
4 16.00 0.00 22.00 0.00 64.00 0.00 58.00 0.00 0.00128655
4 38.00 0.00 40.00 0.00 44.00 0.00 42.00 0.00 0.187859
4 36.00 0.00 38.00 0.00 46.00 0.00 44.00 0.00 0.0343051
4 20.00 0.00 26.00 0.00 62.00 0.00 56.00 0.00 0.00242815
4 34.00 0.00 36.00 0.00 48.00 0.00 46.00 0.00 0.00779345
4 10.00 0.00 18.00 0.00 74.00 0.00 66.00 0.00 0.00127577
4 14.00 0.00 22.00 0.00 70.00 0.00 62.00 0.00 0.00156333
4 22.00 0.00 30.00 0.00 62.00 0.00 54.00 0.00 0.00857633
4 26.00 0.00 30.00 0.00 58.00 0.00 54.00 0.00 0.00341962
4 24.00 0.00 30.00 0.00 60.00 0.00 54.00 0.00 0.00602978
4 30.00 0.00 34.00 0.00 54.00 0.00 50.00 0.00 0.0142966
4 34.00 0.00 36.00 0.00 50.00 0.00 48.00 0.00 0.00642076
4 18.00 0.00 26.00 0.00 66.00 0.00 58.00 0.00 0.00313032
4 30.00 0.00 36.00 0.00 54.00 0.00 48.00 0.00 0.0391002
4 28.00 0.00 32.00 0.00 56.00 0.00 52.00 0.00 0.00826432
4 18.00 0.00 24.00 0.00 66.00 0.00 60.00 0.00 0.00135529
4 32.00 0.00 36.00 0.00 52.00 0.00 48.00 0.00 0.0202404
4 36.00 0.00 38.00 0.00 48.00 0.00 46.00 0.00 0.0126691
4 38.00 0.00 40.00 0.00 46.00 0.00 44.00 0.00 0.0710096
4 22.00 0.00 28.00 0.00 64.00 0.00 58.00 0.00 0.00301607
4 36.00 0.00 38.00 0.00 50.00 0.00 48.00 0.00 0.00957982
4 38.00 0.00 40.00 0.00 48.00 0.00 46.00 0.00 0.0220638
4 40.00 0.00 42.00 0.00 46.00 0.00 44.00 0.00 0.253142
4 28.00 0.00 32.00 0.00 60.00 0.00 56.00 0.00 0.00396625
4 30.00 0.00 34.00 0.00 58.00 0.00 54.00 0.00 0.00584333
4 40.00 0.00 42.00 0.00 48.00 0.00 46.00 0.00 0.050839
4 12.00 0.00 20.00 0.00 76.00 0.00 68.00 0.00 0.00132017
4 16.00 0.00 24.00 0.00 72.00 0.00 64.00 0.00 0.00174832
4 24.00 0.00 32.00 0.00 64.00 0.00 56.00 0.00 0.00974194
4 34.00 0.00 38.00 0.00 54.00 0.00 50.00 0.00 0.020274
4 20.00 0.00 26.00 0.00 68.00 0.00 62.00 0.00 0.00153325
4 36.00 0.00 38.00 0.00 52.00 0.00 50.00 0.00 0.00646215
4 38.00 0.00 40.00 0.00 50.00 0.00 48.00 0.00 0.0146707
4 26.00 0.00 32.00 0.00 62.00 0.00 56.00 0.00 0.00684709
4 32.00 0.00 36.00 0.00 56.00 0.00 52.00 0.00 0.0110284
4 20.00 0.00 28.00 0.00 68.00 0.00 60.00 0.00 0.003513
4 32.00 0.00 38.00 0.00 56.00 0.00 50.00 0.00 0.0336452
4 24.00 0.00 30.00 0.00 66.00 0.00 60.00 0.00 0.00336447
4 42.00 0.00 44.00 0.00 48.00 0.00 46.00 0.00 0.169664
4 38.00 0.00 40.00 0.00 52.00 0.00 50.00 0.00 0.00919323
4 40.00 0.00 42.00 0.00 50.00 0.00 48.00 0.00 0.0274416
4 28.00 0.00 34.00 0.00 64.00 0.00 58.00 0.00 0.00686207
4 32.00 0.00 36.00 0.00 60.00 0.00 56.00 0.00 0.00472757
4 34.00 0.00 38.00 0.00 58.00 0.00 54.00 0.00 0.00722163
4 22.00 0.00 30.00 0.00 70.00 0.00 62.00 0.00 0.00426947
4 36.00 0.00 40.00 0.00 56.00 0.00 52.00 0.00 0.0181602
4 42.00 0.00 44.00 0.00 50.00 0.00 48.00 0.00 0.0579041
4 38.00 0.00 40.00 0.00 54.00 0.00 52.00 0.00 0.00731781
4 14.00 0.00 22.00 0.00 78.00 0.00 70.00 0.00 0.00130838
4 30.00 0.00 34.00 0.00 62.00 0.00 58.00 0.00 0.00371755
4 18.00 0.00 26.00 0.00 74.00 0.00 66.00 0.00 0.00186949
4 34.00 0.00 40.00 0.00 58.00 0.00 52.00 0.00 0.0290172
4 26.00 0.00 34.00 0.00 66.00 0.00 58.00 0.00 0.010062
4 22.00 0.00 28.00 0.00 70.00 0.00 64.00 0.00 0.00180294
4 40.00 0.00 42.00 0.00 52.00 0.00 50.00 0.00 0.0153643
4 40.00 0.00 42.00 0.00 54.00 0.00 52.00 0.00 0.0112894
4 26.00 0.00 32.00 0.00 68.00 0.00 62.00 0.00 0.00391852
4 44.00 0.00 46.00 0.00 50.00 0.00 48.00 0.00 0.368413
4 42.00 0.00 44.00 0.00 52.00 0.00 50.00 0.00 0.0262871
4 42.00 0.00 44.00 0.00 54.00 0.00 52.00 0.00 0.0169805
4 30.00 0.00 36.00 0.00 66.00 0.00 60.00 0.00 0.00603125
4 16.00 0.00 24.00 0.00 80.00 0.00 72.00 0.00 0.00142703
4 34.00 0.00 38.00 0.00 62.00 0.00 58.00 0.00 0.00406027
4 20.00 0.00 28.00 0.00 76.00 0.00 68.00 0.00 0.00239408
4 24.00 0.00 30.00 0.00 72.00 0.00 66.00 0.00 0.00217606
4 36.00 0.00 40.00 0.00 60.00 0.00 56.00 0.00 0.0068183
4 24.00 0.00 32.00 0.00 72.00 0.00 64.00 0.00 0.0049918
4 32.00 0.00 36.00 0.00 64.00 0.00 60.00 0.00 0.00291997
4 38.00 0.00 42.00 0.00 58.00 0.00 54.00 0.00 0.012652
4 40.00 0.00 42.00 0.00 56.00 0.00 54.00 0.00 0.00452951
4 36.00 0.00 42.00 0.00 60.00 0.00 54.00 0.00 0.0219793
4 28.00 0.00 36.00 0.00 68.00 0.00 60.00 0.00 0.00913309
4 44.00 0.00 46.00 0.00 52.00 0.00 50.00 0.00 0.0958047
4 44.00 0.00 46.00 0.00 54.00 0.00 52.00 0.00 0.0477907
4 42.00 0.00 44.00 0.00 56.00 0.00 54.00 0.00 0.00615073
4 46.00 0.00 48.00 0.00 52.00 0.00 50.00 0.00 0.349944
4 28.00 0.00 34.00 0.00 70.00 0.00 64.00 0.00 0.00376325
4 40.00 0.00 44.00 0.00 60.00 0.00 56.00 0.00 0.0116485
4 46.00 0.00 48.00 0.00 54.00 0.00 52.00 0.00 0.0993459
4 32.00 0.00 38.00 0.00 68.00 0.00 62.00 0.00 0.00518723
4 22.00 0.00 30.00 0.00 78.00 0.00 70.00 0.00 0.00318429
4 26.00 0.00 32.00 0.00 74.00 0.00 68.00 0.00 0.00275514
4 44.00 0.00 46.00 0.00 56.00 0.00 54.00 0.00 0.0146147
4 38.00 0.00 42.00 0.00 62.00 0.00 58.00 0.00 0.00648348
4 34.00 0.00 38.00 0.00 66.00 0.00 62.00 0.00 0.0026899
4 36.00 0.00 40.00 0.00 64.00 0.00 60.00 0.00 0.00370087
4 18.00 0.00 26.00 0.00 82.00 0.00 74.00 0.00 0.00147786
4 42.00 0.00 44.00 0.00 58.00 0.00 56.00 0.00 0.00376756
4 26.00 0.00 34.00 0.00 74.00 0.00 66.00 0.00 0.00532892
4 38.00 0.00 44.00 0.00 62.00 0.00 56.00 0.00 0.0197063
4 30.00 0.00 38.00 0.00 70.00 0.00 62.00 0.00 0.00828647
4 30.00 0.00 36.00 0.00 72.00 0.00 66.00 0.00 0.00360405
4 48.00 0.00 50.00 0.00 54.00 0.00 52.00 0.00 0.643024
4 46.00 0.00 48.00 0.00 56.00 0.00 54.00 0.00 0.0218721
4 44.00 0.00 46.00 0.00 58.00 0.00 56.00 0.00 0.00799259
4 40.00 0.00 46.00 0.00 64.00 0.00 58.00 0.00 0.0220409
4 28.00 0.00 36.00 0.00 76.00 0.00 68.00 0.00 0.00558447
4 34.00 0.00 40.00 0.00 70.00 0.00 64.00 0.00 0.00448133
4 38.00 0.00 42.00 0.00 66.00 0.00 62.00 0.00 0.003816
4 20.00 0.00 28.00 0.00 84.00 0.00 76.00 0.00 0.00162546
4 42.00 0.00 46.00 0.00 62.00 0.00 58.00 0.00 0.0131967
4 48.00 0.00 50.00 0.00 56.00 0.00 54.00 0.00 0.079693
4 40.00 0.00 44.00 0.00 64.00 0.00 60.00 0.00 0.00576899
4 36.00 0.00 40.00 0.00 68.00 0.00 64.00 0.00 0.00238243
4 24.00 0.00 32.00 0.00 80.00 0.00 72.00 0.00 0.00374771
4 32.00 0.00 40.00 0.00 72.00 0.00 64.00 0.00 0.00757379
4 44.00 0.00 46.00 0.00 60.00 0.00 58.00 0.00 0.0054662
4 46.00 0.00 48.00 0.00 58.00 0.00 56.00 0.00 0.0100685
4 28.00 0.00 34.00 0.00 76.00 0.00 70.00 0.00 0.00322195
4 50.00 0.00 52.00 0.00 56.00 0.00 54.00 0.00 0.290661
4 32.00 0.00 38.00 0.00 74.00 0.00 68.00 0.00 0.00334115
4 46.00 0.00 48.00 0.00 60.00 0.00 58.00 0.00 0.0061978
4 48.00 0.00 50.00 0.00 58.00 0.00 56.00 0.00 0.0270383
4 40.00 0.00 44.00 0.00 68.00 0.00 64.00 0.00 0.00339832
4 34.00 0.00 42.00 0.00 74.00 0.00 66.00 0.00 0.00719159
4 30.00 0.00 36.00 0.00 78.00 0.00 72.00 0.00 0.00291119
4 44.00 0.00 48.00 0.00 64.00 0.00 60.00 0.00 0.0118315
4 36.00 0.00 42.00 0.00 72.00 0.00 66.00 0.00 0.00454958
4 30.00 0.00 38.00 0.00 78.00 0.00 70.00 0.00 0.00562846
4 46.00 0.00 48.00 0.00 62.00 0.00 60.00 0.00 0.00342988
4 22.00 0.00 30.00 0.00 86.00 0.00 78.00 0.00 0.00180557
4 26.00 0.00 34.00 0.00 82.00 0.00 74.00 0.00 0.00389208
4 48.00 0.00 50.00 0.00 60.00 0.00 58.00 0.00 0.0142876
4 50.00 0.00 52.00 0.00 58.00 0.00 56.00 0.00 0.0576986
4 42.00 0.00 46.00 0.00 66.00 0.00 62.00 0.00 0.0069016
4 38.00 0.00 42.00 0.00 70.00 0.00 66.00 0.00 0.00217844
4 42.00 0.00 48.00 0.00 66.00 0.00 60.00 0.00 0.0197023
4 34.00 0.00 40.00 0.00 76.00 0.00 70.00 0.00 0.00343536
4 50.00 0.00 52.00 0.00 60.00 0.00 58.00 0.00 0.0256175
4 48.00 0.00 50.00 0.00 62.00 0.00 60.00 0.00 0.00719869
4 52.00 0.00 54.00 0.00 58.00 0.00 56.00 0.00 0.281929
4 44.00 0.00 48.00 0.00 68.00 0.00 64.00 0.00 0.00623504
4 48.00 0.00 50.00 0.00 64.00 0.00 62.00 0.00 0.00507158
4 28.00 0.00 36.00 0.00 84.00 0.00 76.00 0.00 0.00346984
4 44.00 0.00 50.00 0.00 68.00 0.00 62.00 0.00 0.0221014
4 36.00 0.00 44.00 0.00 76.00 0.00 68.00 0.00 0.00751159
4 24.00 0.00 32.00 0.00 88.00 0.00 80.00 0.00 0.00191504
4 52.00 0.00 54.00 0.00 60.00 0.00 58.00 0.00 0.0699082
4 42.00 0.00 46.00 0.00 70.00 0.00 66.00 0.00 0.0036277
4 46.00 0.00 50.00 0.00 66.00 0.00 62.00 0.00 0.0128924
4 50.00 0.00 52.00 0.00 62.00 0.00 60.00 0.00 0.0113857
4 32.00 0.00 40.00 0.00 80.00 0.00 72.00 0.00 0.00502992
4 38.00 0.00 44.00 0.00 74.00 0.00 68.00 0.00 0.0046238
4 32.00 0.00 38.00 0.00 80.00 0.00 74.00 0.00 0.00265337
4 40.00 0.00 44.00 0.00 72.00 0.00 68.00 0.00 0.00237893
4 50.00 0.00 52.00 0.00 64.00 0.00 62.00 0.00 0.00740828
4 54.00 0.00 56.00 0.00 60.00 0.00 58.00 0.00 0.204587
4 36.00 0.00 42.00 0.00 78.00 0.00 72.00 0.00 0.00337268
4 52.00 0.00 54.00 0.00 62.00 0.00 60.00 0.00 0.0248923
4 34.00 0.00 42.00 0.00 82.00 0.00 74.00 0.00 0.00467857
4 48.00 0.00 52.00 0.00 68.00 0.00 64.00 0.00 0.0134451
4 42.00 0.00 46.00 0.00 74.00 0.00 70.00 0.00 0.00308359
4 46.00 0.00 50.00 0.00 70.00 0.00 66.00 0.00 0.00597613
4 50.00 0.00 52.00 0.00 66.00 0.00 64.00 0.00 0.0048084
4 30.00 0.00 38.00 0.00 86.00 0.00 78.00 0.00 0.00286862
4 46.00 0.00 52.00 0.00 70.00 0.00 64.00 0.00 0.0211596
4 54.00 0.00 56.00 0.00 62.00 0.00 60.00 0.00 0.040854
4 38.00 0.00 46.00 0.00 78.00 0.00 70.00 0.00 0.00890439
4 34.00 0.00 40.00 0.00 82.00 0.00 76.00 0.00 0.00221333
4 40.00 0.00 46.00 0.00 76.00 0.00 70.00 0.00 0.00589435
4 44.00 0.00 48.00 0.00 72.00 0.00 68.00 0.00 0.00403588
4 52.00 0.00 54.00 0.00 64.00 0.00 62.00 0.00 0.0142161
4 26.00 0.00 34.00 0.00 90.00 0.00 82.00 0.00 0.00203263
4 38.00 0.00 44.00 0.00 80.00 0.00 74.00 0.00 0.00343428
4 52.00 0.00 54.00 0.00 66.00 0.00 64.00 0.00 0.00848958
4 56.00 0.00 58.00 0.00 62.00 0.00 60.00 0.00 0.146504
4 54.00 0.00 56.00 0.00 64.00 0.00 62.00 0.00 0.0193034
4 36.00 0.00 42.00 0.00 84.00 0.00 78.00 0.00 0.00205028
4 28.00 0.00 36.00 0.00 92.00 0.00 84.00 0.00 0.00197245
4 42.00 0.00 48.00 0.00 78.00 0.00 72.00 0.00 0.00565481
4 46.00 0.00 50.00 0.00 74.00 0.00 70.00 0.00 0.00469525
4 40.00 0.00 48.00 0.00 80.00 0.00 72.00 0.00 0.00875906
4 36.00 0.00 44.00 0.00 84.00 0.00 76.00 0.00 0.00422328
4 50.00 0.00 54.00 0.00 70.00 0.00 66.00 0.00 0.0134732
4 54.00 0.00 56.00 0.00 66.00 0.00 64.00 0.00 0.00996203
4 44.00 0.00 48.00 0.00 76.00 0.00 72.00 0.00 0.00307478
4 48.00 0.00 52.00 0.00 72.00 0.00 68.00 0.00 0.00771662
4 52.00 0.00 54.00 0.00 68.00 0.00 66.00 0.00 0.00495693
4 32.00 0.00 40.00 0.00 88.00 0.00 80.00 0.00 0.00236773
4 48.00 0.00 54.00 0.00 72.00 0.00 66.00 0.00 0.02476
4 56.00 0.00 58.00 0.00 64.00 0.00 62.00 0.00 0.044506
4 58.00 0.00 60.00 0.00 64.00 0.00 62.00 0.00 0.190215
4 56.00 0.00 58.00 0.00 66.00 0.00 64.00 0.00 0.0191554
4 40.00 0.00 46.00 0.00 82.00 0.00 76.00 0.00 0.00352603
4 54.00 0.00 56.00 0.00 68.00 0.00 66.00 0.00 0.00527501
4 34.00 0.00 42.00 0.00 90.00 0.00 82.00 0.00 0.00227642
4 38.00 0.00 44.00 0.00 86.00 0.00 80.00 0.00 0.0016312
4 50.00 0.00 56.00 0.00 74.00 0.00 68.00 0.00 0.0239079
4 30.00 0.00 38.00 0.00 94.00 0.00 86.00 0.00 0.00189859
4 48.00 0.00 52.00 0.00 76.00 0.00 72.00 0.00 0.00541384
4 52.00 0.00 56.00 0.00 72.00 0.00 68.00 0.00 0.0135091
4 56.00 0.00 58.00 0.00 68.00 0.00 66.00 0.00 0.00893757
4 58.00 0.00 60.00 0.00 66.00 0.00 64.00 0.00 0.0477728
4 42.00 0.00 50.00 0.00 82.00 0.00 74.00 0.00 0.00932165
4 38.00 0.00 46.00 0.00 86.00 0.00 78.00 0.00 0.00415778
4 46.00 0.00 50.00 0.00 78.00 0.00 74.00 0.00 0.00333907
4 44.00 0.00 50.00 0.00 80.00 0.00 74.00 0.00 0.00669495
4 50.00 0.00 54.00 0.00 74.00 0.00 70.00 0.00 0.00965933
4 54.00 0.00 56.00 0.00 70.00 0.00 68.00 0.00 0.00337427
4 58.00 0.00 60.00 0.00 68.00 0.00 66.00 0.00 0.0185814
4 60.00 0.00 62.00 0.00 66.00 0.00 64.00 0.00 0.175266
4 42.00 0.00 48.00 0.00 84.00 0.00 78.00 0.00 0.00316107
4 56.00 0.00 58.00 0.00 70.00 0.00 68.00 0.00 0.00518788
4 40.00 0.00 46.00 0.00 88.00 0.00 82.00 0.00 0.0018917
4 32.00 0.00 40.00 0.00 96.00 0.00 88.00 0.00 0.00162881
4 56.00 0.00 58.00 0.00 72.00 0.00 70.00 0.00 0.00433724
4 58.00 0.00 60.00 0.00 70.00 0.00 68.00 0.00 0.00956478
4 46.00 0.00 52.00 0.00 82.00 0.00 76.00 0.00 0.0062556
4 52.00 0.00 56.00 0.00 76.00 0.00 72.00 0.00 0.00846111
4 40.00 0.00 48.00 0.00 88.00 0.00 80.00 0.00 0.00370677
4 36.00 0.00 44.00 0.00 92.00 0.00 84.00 0.00 0.00224642
4 52.00 0.00 58.00 0.00 76.00 0.00 70.00 0.00 0.0246606
4 48.00 0.00 52.00 0.00 80.00 0.00 76.00 0.00 0.00381436
4 50.00 0.00 54.00 0.00 78.00 0.00 74.00 0.00 0.00631937
4 60.00 0.00 62.00 0.00 68.00 0.00 66.00 0.00 0.038869
4 44.00 0.00 52.00 0.00 84.00 0.00 76.00 0.00 0.00937406
4 54.00 0.00 58.00 0.00 74.00 0.00 70.00 0.00 0.0124382
4 44.00 0.00 50.00 0.00 86.00 0.00 80.00 0.00 0.00290808
4 62.00 0.00 64.00 0.00 68.00 0.00 66.00 0.00 0.165325
4 58.00 0.00 60.00 0.00 72.00 0.00 70.00 0.00 0.00744635
4 60.00 0.00 62.00 0.00 70.00 0.00 68.00 0.00 0.0167461
4 50.00 0.00 54.00 0.00 82.00 0.00 78.00 0.00 0.00377196
4 54.00 0.00 60.00 0.00 78.00 0.00 72.00 0.00 0.0226112
4 46.00 0.00 54.00 0.00 86.00 0.00 78.00 0.00 0.00909614
4 42.00 0.00 48.00 0.00 90.00 0.00 84.00 0.00 0.00183402
4 60.00 0.00 62.00 0.00 72.00 0.00 70.00 0.00 0.0114243
4 48.00 0.00 54.00 0.00 84.00 0.00 78.00 0.00 0.00668884
4 52.00 0.00 56.00 0.00 80.00 0.00 76.00 0.00 0.00552062
4 34.00 0.00 42.00 0.00 98.00 0.00 90.00 0.00 0.00151691
4 54.00 0.00 58.00 0.00 78.00 0.00 74.00 0.00 0.00725693
4 42.00 0.00 50.00 0.00 90.00 0.00 82.00 0.00 0.00402308
4 38.00 0.00 46.00 0.00 94.00 0.00 86.00 0.00 0.00251854
4 56.00 0.00 60.00 0.00 76.00 0.00 72.00 0.00 0.0131571
4 62.00 0.00 64.00 0.00 70.00 0.00 68.00 0.00 0.0411254
4 58.00 0.00 60.00 0.00 74.00 0.00 72.00 0.00 0.00441772
4 62.00 0.00 64.00 0.00 72.00 0.00 70.00 0.00 0.0236711
4 60.00 0.00 62.00 0.00 74.00 0.00 72.00 0.00 0.00619281
4 46.00 0.00 52.00 0.00 88.00 0.00 82.00 0.00 0.00307392
4 64.00 0.00 66.00 0.00 70.00 0.00 68.00 0.00 0.187721
4 60.00 0.00 62.00 0.00 76.00 0.00 74.00 0.00 0.00473737
4 56.00 0.00 62.00 0.00 80.00 0.00 74.00 0.00 0.0237601
4 48.00 0.00 56.00 0.00 88.00 0.00 80.00 0.00 0.00804329
4 36.00 0.00 44.00 0.00 100.00 0.00 92.00 0.00 0.00153086
4 64.00 0.00 66.00 0.00 72.00 0.00 70.00 0.00 0.0565918
4 50.00 0.00 56.00 0.00 86.00 0.00 80.00 0.00 0.00499931
4 62.00 0.00 64.00 0.00 74.00 0.00 72.00 0.00 0.0111708
4 54.00 0.00 58.00 0.00 82.00 0.00 78.00 0.00 0.00402079
4 40.00 0.00 48.00 0.00 96.00 0.00 88.00 0.00 0.00236778
4 44.00 0.00 50.00 0.00 92.00 0.00 86.00 0.00 0.00221442
4 56.00 0.00 60.00 0.00 80.00 0.00 76.00 0.00 0.00754195
4 44.00 0.00 52.00 0.00 92.00 0.00 84.00 0.00 0.00434612
4 52.00 0.00 56.00 0.00 84.00 0.00 80.00 0.00 0.0027006
4 58.00 0.00 62.00 0.00 78.00 0.00 74.00 0.00 0.0138995
4 62.00 0.00 64.00 0.00 76.00 0.00 74.00 0.00 0.00782519
4 66.00 0.00 68.00 0.00 72.00 0.00 70.00 0.00 0.214892
4 48.00 0.00 54.00 0.00 90.00 0.00 84.00 0.00 0.00360676
4 64.00 0.00 66.00 0.00 74.00 0.00 72.00 0.00 0.0213273
4 42.00 0.00 50.00 0.00 98.00 0.00 90.00 0.00 0.00249138
4 46.00 0.00 52.00 0.00 94.00 0.00 88.00 0.00 0.00214828
4 64.00 0.00 66.00 0.00 76.00 0.00 74.00 0.00 0.0130111
4 58.00 0.00 62.00 0.00 82.00 0.00 78.00 0.00 0.0067897
4 54.00 0.00 58.00 0.00 86.00 0.00 82.00 0.00 0.00205629
4 56.00 0.00 60.00 0.00 84.00 0.00 80.00 0.00 0.00349269
4 62.00 0.00 64.00 0.00 78.00 0.00 76.00 0.00 0.00481313
4 46.00 0.00 54.00 0.00 94.00 0.00 86.00 0.00 0.00494363
4 58.00 0.00 64.00 0.00 82.00 0.00 76.00 0.00 0.0225242
4 50.00 0.00 58.00 0.00 90.00 0.00 82.00 0.00 0.00763849
4 60.00 0.00 64.00 0.00 80.00 0.00 76.00 0.00 0.0138711
4 66.00 0.00 68.00 0.00 74.00 0.00 72.00 0.00 0.0451068
4 38.00 0.00 46.00 0.00 102.00 0.00 94.00 0.00 0.0015694
4 52.00 0.00 58.00 0.00 88.00 0.00 82.00 0.00 0.00478972
4 66.00 0.00 68.00 0.00 76.00 0.00 74.00 0.00 0.0223503
4 64.00 0.00 66.00 0.00 78.00 0.00 76.00 0.00 0.00728767
4 50.00 0.00 56.00 0.00 92.00 0.00 86.00 0.00 0.00359098
4 68.00 0.00 70.00 0.00 74.00 0.00 72.00 0.00 0.158066
4 44.00 0.00 52.00 0.00 100.00 0.00 92.00 0.00 0.00272929
4 52.00 0.00 60.00 0.00 92.00 0.00 84.00 0.00 0.0073709
4 64.00 0.00 66.00 0.00 80.00 0.00 78.00 0.00 0.00507018
4 66.00 0.00 68.00 0.00 78.00 0.00 76.00 0.00 0.0108993
4 48.00 0.00 54.00 0.00 96.00 0.00 90.00 0.00 0.00244312
4 60.00 0.00 66.00 0.00 84.00 0.00 78.00 0.00 0.020835
4 48.00 0.00 56.00 0.00 96.00 0.00 88.00 0.00 0.00465291
4 54.00 0.00 60.00 0.00 90.00 0.00 84.00 0.00 0.00439522
4 58.00 0.00 62.00 0.00 86.00 0.00 82.00 0.00 0.00319735
4 40.00 0.00 48.00 0.00 104.00 0.00 96.00 0.00 0.00149213
4 62.00 0.00 66.00 0.00 82.00 0.00 78.00 0.00 0.0128991
4 68.00 0.00 70.00 0.00 76.00 0.00 74.00 0.00 0.0474533
4 60.00 0.00 64.00 0.00 84.00 0.00 80.00 0.00 0.00549485
4 56.00 0.00 60.00 0.00 88.00 0.00 84.00 0.00 0.00227174
4 52.00 0.00 58.00 0.00 94.00 0.00 88.00 0.00 0.00312163
4 66.00 0.00 68.00 0.00 80.00 0.00 78.00 0.00 0.00690784
4 68.00 0.00 70.00 0.00 78.00 0.00 76.00 0.00 0.0190258
4 70.00 0.00 72.00 0.00 76.00 0.00 74.00 0.00 0.269725
4 50.00 0.00 58.00 0.00 98.00 0.00 90.00 0.00 0.00427066
4 66.00 0.00 68.00 0.00 82.00 0.00 80.00 0.00 0.00313414
4 42.00 0.00 50.00 0.00 106.00 0.00 98.00 0.00 0.00163131
4 46.00 0.00 54.00 0.00 102.00 0.00 94.00 0.00 0.00284839
4 68.00 0.00 70.00 0.00 80.00 0.00 78.00 0.00 0.0105772
4 70.00 0.00 72.00 0.00 78.00 0.00 76.00 0.00 0.0609211
4 62.00 0.00 66.00 0.00 86.00 0.00 82.00 0.00 0.00531694
4 58.00 0.00 62.00 0.00 90.00 0.00 86.00 0.00 0.00256237
4 62.00 0.00 68.00 0.00 86.00 0.00 80.00 0.00 0.0163509
4 60.00 0.00 64.00 0.00 88.00 0.00 84.00 0.00 0.00335854
4 54.00 0.00 62.00 0.00 94.00 0.00 86.00 0.00 0.00711896
4 50.00 0.00 56.00 0.00 98.00 0.00 92.00 0.00 0.00221624
4 64.00 0.00 68.00 0.00 84.00 0.00 80.00 0.00 0.00968067
4 56.00 0.00 62.00 0.00 92.00 0.00 86.00 0.00 0.00472863
4 70.00 0.00 72.00 0.00 80.00 0.00 78.00 0.00 0.0274857
4 68.00 0.00 70.00 0.00 82.00 0.00 80.00 0.00 0.00437559
4 72.00 0.00 74.00 0.00 78.00 0.00 76.00 0.00 0.245726
4 54.00 0.00 60.00 0.00 96.00 0.00 90.00 0.00 0.00273605
4 44.00 0.00 52.00 0.00 108.00 0.00 100.00 0.00 0.00179204
4 72.00 0.00 74.00 0.00 80.00 0.00 78.00 0.00 0.0640885
4 62.00 0.00 66.00 0.00 90.00 0.00 86.00 0.00 0.00398976
4 66.00 0.00 70.00 0.00 86.00 0.00 82.00 0.00 0.00837115
4 70.00 0.00 72.00 0.00 82.00 0.00 80.00 0.00 0.00976141
4 52.00 0.00 60.00 0.00 100.00 0.00 92.00 0.00 0.00414817
4 58.00 0.00 64.00 0.00 94.00 0.00 88.00 0.00 0.00464989
4 52.00 0.00 58.00 0.00 100.00 0.00 94.00 0.00 0.00206988
4 60.00 0.00 64.00 0.00 92.00 0.00 88.00 0.00 0.00243308
4 64.00 0.00 68.00 0.00 88.00 0.00 84.00 0.00 0.00534788
4 68.00 0.00 70.00 0.00 84.00 0.00 82.00 0.00 0.00296444
4 48.00 0.00 56.00 0.00 104.00 0.00 96.00 0.00 0.00272793
4 64.00 0.00 70.00 0.00 88.00 0.00 82.00 0.00 0.0160175
4 56.00 0.00 64.00 0.00 96.00 0.00 88.00 0.00 0.00696896
4 74.00 0.00 76.00 0.00 80.00 0.00 78.00 0.00 0.290676
4 56.00 0.00 62.00 0.00 98.00 0.00 92.00 0.00 0.00268523
4 72.00 0.00 74.00 0.00 82.00 0.00 80.00 0.00 0.0171049
4 70.00 0.00 72.00 0.00 84.00 0.00 82.00 0.00 0.00615842
4 66.00 0.00 72.00 0.00 90.00 0.00 84.00 0.00 0.0179321
4 74.00 0.00 76.00 0.00 82.00 0.00 80.00 0.00 0.0461993
4 58.00 0.00 66.00 0.00 98.00 0.00 90.00 0.00 0.00695024
4 54.00 0.00 60.00 0.00 102.00 0.00 96.00 0.00 0.00181368
4 60.00 0.00 66.00 0.00 96.00 0.00 90.00 0.00 0.00452751
4 64.00 0.00 68.00 0.00 92.00 0.00 88.00 0.00 0.00351054
4 72.00 0.00 74.00 0.00 84.00 0.00 82.00 0.00 0.00925437
4 46.00 0.00 54.00 0.00 110.00 0.00 102.00 0.00 0.00197436
4 54.00 0.00 62.00 0.00 102.00 0.00 94.00 0.00 0.00365246
4 68.00 0.00 72.00 0.00 88.00 0.00 84.00 0.00 0.0104243
4 62.00 0.00 66.00 0.00 94.00 0.00 90.00 0.00 0.00245431
4 66.00 0.00 70.00 0.00 90.00 0.00 86.00 0.00 0.00569226
4 70.00 0.00 72.00 0.00 86.00 0.00 84.00 0.00 0.00342364
4 50.00 0.00 58.00 0.00 106.00 0.00 98.00 0.00 0.00259758
4 74.00 0.00 76.00 0.00 84.00 0.00 82.00 0.00 0.0202496
4 58.00 0.00 64.00 0.00 100.00 0.00 94.00 0.00 0.00281315
4 72.00 0.00 74.00 0.00 86.00 0.00 84.00 0.00 0.00481643
4 76.00 0.00 78.00 0.00 82.00 0.00 80.00 0.00 0.181588
4 64.00 0.00 68.00 0.00 96.00 0.00 92.00 0.00 0.00227846
4 68.00 0.00 72.00 0.00 92.00 0.00 88.00 0.00 0.00617348
4 72.00 0.00 74.00 0.00 88.00 0.00 86.00 0.00 0.00445031
4 52.00 0.00 60.00 0.00 108.00 0.00 100.00 0.00 0.00251178
4 68.00 0.00 74.00 0.00 92.00 0.00 86.00 0.00 0.0206698
4 76.00 0.00 78.00 0.00 84.00 0.00 82.00 0.00 0.0483116
4 56.00 0.00 62.00 0.00 104.00 0.00 98.00 0.00 0.00171548
4 48.00 0.00 56.00 0.00 112.00 0.00 104.00 0.00 0.00206839
4 62.00 0.00 68.00 0.00 98.00 0.00 92.00 0.00 0.00440929
4 66.00 0.00 70.00 0.00 94.00 0.00 90.00 0.00 0.00318724
4 60.00 0.00 68.00 0.00 100.00 0.00 92.00 0.00 0.00681612
4 56.00 0.00 64.00 0.00 104.00 0.00 96.00 0.00 0.00360454
4 70.00 0.00 74.00 0.00 90.00 0.00 86.00 0.00 0.0129408
4 74.00 0.00 76.00 0.00 86.00 0.00 84.00 0.00 0.0094232
4 74.00 0.00 76.00 0.00 88.00 0.00 86.00 0.00 0.0079623
4 78.00 0.00 80.00 0.00 84.00 0.00 82.00 0.00 0.231134
4 76.00 0.00 78.00 0.00 86.00 0.00 84.00 0.00 0.0176731
4 60.00 0.00 66.00 0.00 102.00 0.00 96.00 0.00 0.00276901
4 72.00 0.00 76.00 0.00 92.00 0.00 88.00 0.00 0.0127087
4 76.00 0.00 78.00 0.00 88.00 0.00 86.00 0.00 0.0129099
4 78.00 0.00 80.00 0.00 86.00 0.00 84.00 0.00 0.0503226
4 62.00 0.00 70.00 0.00 102.00 0.00 94.00 0.00 0.00653887
4 58.00 0.00 66.00 0.00 106.00 0.00 98.00 0.00 0.00374891
4 66.00 0.00 70.00 0.00 98.00 0.00 94.00 0.00 0.00210282
4 64.00 0.00 70.00 0.00 100.00 0.00 94.00 0.00 0.00427891
4 70.00 0.00 74.00 0.00 94.00 0.00 90.00 0.00 0.00642017
4 74.00 0.00 76.00 0.00 90.00 0.00 88.00 0.00 0.00473524
4 54.00 0.00 62.00 0.00 110.00 0.00 102.00 0.00 0.00231332
4 58.00 0.00 64.00 0.00 106.00 0.00 100.00 0.00 0.00172398
4 70.00 0.00 76.00 0.00 94.00 0.00 88.00 0.00 0.0217251
4 50.00 0.00 58.00 0.00 114.00 0.00 106.00 0.00 0.00186403
4 68.00 0.00 72.00 0.00 96.00 0.00 92.00 0.00 0.0036838
4 78.00 0.00 80.00 0.00 88.00 0.00 86.00 0.00 0.0291496
4 62.00 0.00 68.00 0.00 104.00 0.00 98.00 0.00 0.00261628
4 76.00 0.00 78.00 0.00 90.00 0.00 88.00 0.00 0.00690305
4 80.00 0.00 82.00 0.00 86.00 0.00 84.00 0.00 0.174637
4 60.00 0.00 68.00 0.00 108.00 0.00 100.00 0.00 0.00367135
4 56.00 0.00 64.00 0.00 112.00 0.00 104.00 0.00 0.00248435
4 72.00 0.00 78.00 0.00 96.00 0.00 90.00 0.00 0.0211166
4 68.00 0.00 72.00 0.00 100.00 0.00 96.00 0.00 0.00256774
4 70.00 0.00 74.00 0.00 98.00 0.00 94.00 0.00 0.00394269
4 80.00 0.00 82.00 0.00 88.00 0.00 86.00 0.00 0.0591289
4 64.00 0.00 72.00 0.00 104.00 0.00 96.00 0.00 0.00680239
4 74.00 0.00 78.00 0.00 94.00 0.00 90.00 0.00 0.0126317
4 60.00 0.00 66.00 0.00 108.00 0.00 102.00 0.00 0.00189523
4 52.00 0.00 60.00 0.00 116.00 0.00 108.00 0.00 0.00165767
4 76.00 0.00 78.00 0.00 92.00 0.00 90.00 0.00 0.00424759
4 78.00 0.00 80.00 0.00 90.00 0.00 88.00 0.00 0.0132576
4 66.00 0.00 72.00 0.00 102.00 0.00 96.00 0.00 0.00459016
4 72.00 0.00 76.00 0.00 96.00 0.00 92.00 0.00 0.00668195
4 64.00 0.00 70.00 0.00 106.00 0.00 100.00 0.00 0.00245208
4 82.00 0.00 84.00 0.00 88.00 0.00 86.00 0.00 0.250255
4 78.00 0.00 80.00 0.00 92.00 0.00 90.00 0.00 0.007337
4 80.00 0.00 82.00 0.00 90.00 0.00 88.00 0.00 0.0204565
4 68.00 0.00 74.00 0.00 104.00 0.00 98.00 0.00 0.004621
4 72.00 0.00 76.00 0.00 100.00 0.00 96.00 0.00 0.00431396
4 54.00 0.00 62.00 0.00 118.00 0.00 110.00 0.00 0.00145632
4 74.00 0.00 78.00 0.00 98.00 0.00 94.00 0.00 0.00681042
4 62.00 0.00 70.00 0.00 110.00 0.00 102.00 0.00 0.0037374
4 58.00 0.00 66.00 0.00 114.00 0.00 106.00 0.00 0.00247388
4 76.00 0.00 80.00 0.00 96.00 0.00 92.00 0.00 0.0130455
4 82.00 0.00 84.00 0.00 90.00 0.00 88.00 0.00 0.0510559
4 78.00 0.00 80.00 0.00 94.00 0.00 92.00 0.00 0.0047161
4 70.00 0.00 74.00 0.00 102.00 0.00 98.00 0.00 0.00271661
4 66.00 0.00 74.00 0.00 106.00 0.00 98.00 0.00 0.00708608
4 74.00 0.00 80.00 0.00 98.00 0.00 92.00 0.00 0.02238
4 62.00 0.00 68.00 0.00 110.00 0.00 104.00 0.00 0.00203582
4 80.00 0.00 82.00 0.00 92.00 0.00 90.00 0.00 0.00967267
4 80.00 0.00 82.00 0.00 94.00 0.00 92.00 0.00 0.00559281
4 66.00 0.00 72.00 0.00 108.00 0.00 102.00 0.00 0.00290662
4 84.00 0.00 86.00 0.00 90.00 0.00 88.00 0.00 0.145872
4 82.00 0.00 84.00 0.00 92.00 0.00 90.00 0.00 0.019385
4 70.00 0.00 76.00 0.00 106.00 0.00 100.00 0.00 0.00502153
4 82.00 0.00 84.00 0.00 94.00 0.00 92.00 0.00 0.0097948
4 74.00 0.00 78.00 0.00 102.00 0.00 98.00 0.00 0.00432775
4 60.00 0.00 68.00 0.00 116.00 0.00 108.00 0.00 0.0022558
4 64.00 0.00 70.00 0.00 112.00 0.00 106.00 0.00 0.00189906
4 76.00 0.00 80.00 0.00 100.00 0.00 96.00 0.00 0.00735995
4 64.00 0.00 72.00 0.00 112.00 0.00 104.00 0.00 0.00421433
4 72.00 0.00 76.00 0.00 104.00 0.00 100.00 0.00 0.00244748
4 78.00 0.00 82.00 0.00 98.00 0.00 94.00 0.00 0.0116492
4 80.00 0.00 82.00 0.00 96.00 0.00 94.00 0.00 0.00356427
4 76.00 0.00 82.00 0.00 100.00 0.00 94.00 0.00 0.0207613
4 68.00 0.00 76.00 0.00 108.00 0.00 100.00 0.00 0.00773449
4 56.00 0.00 64.00 0.00 120.00 0.00 112.00 0.00 0.00161809
4 84.00 0.00 86.00 0.00 92.00 0.00 90.00 0.00 0.0351382
4 84.00 0.00 86.00 0.00 94.00 0.00 92.00 0.00 0.0143951
4 82.00 0.00 84.00 0.00 96.00 0.00 94.00 0.00 0.005633
4 86.00 0.00 88.00 0.00 92.00 0.00 90.00 0.00 0.186981
4 68.00 0.00 74.00 0.00 110.00 0.00 104.00 0.00 0.0033149
4 78.00 0.00 84.00 0.00 102.00 0.00 96.00 0.00 0.019579
4 70.00 0.00 78.00 0.00 110.00 0.00 102.00 0.00 0.00839359
4 80.00 0.00 84.00 0.00 100.00 0.00 96.00 0.00 0.0109782
4 86.00 0.00 88.00 0.00 94.00 0.00 92.00 0.00 0.0481147
4 58.00 0.00 66.00 0.00 122.00 0.00 114.00 0.00 0.00180906
4 72.00 0.00 78.00 0.00 108.00 0.00 102.00 0.00 0.00546636
4 62.00 0.00 70.00 0.00 118.00 0.00 110.00 0.00 0.00221243
4 66.00 0.00 72.00 0.00 114.00 0.00 108.00 0.00 0.00188023
4 84.00 0.00 86.00 0.00 96.00 0.00 94.00 0.00 0.00746775
4 78.00 0.00 82.00 0.00 102.00 0.00 98.00 0.00 0.00650361
4 74.00 0.00 78.00 0.00 106.00 0.00 102.00 0.00 0.00273869
4 76.00 0.00 80.00 0.00 104.00 0.00 100.00 0.00 0.00384125
4 82.00 0.00 84.00 0.00 98.00 0.00 96.00 0.00 0.0037144
4 66.00 0.00 74.00 0.00 114.00 0.00 106.00 0.00 0.00419808
4 70.00 0.00 76.00 0.00 112.00 0.00 106.00 0.00 0.00361848
4 88.00 0.00 90.00 0.00 94.00 0.00 92.00 0.00 0.182223
4 86.00 0.00 88.00 0.00 96.00 0.00 94.00 0.00 0.020466
4 84.00 0.00 86.00 0.00 98.00 0.00 96.00 0.00 0.00443868
4 78.00 0.00 82.00 0.00 106.00 0.00 102.00 0.00 0.00376467
4 68.00 0.00 74.00 0.00 116.00 0.00 110.00 0.00 0.00193701
4 80.00 0.00 86.00 0.00 104.00 0.00 98.00 0.00 0.016149
4 68.00 0.00 76.00 0.00 116.00 0.00 108.00 0.00 0.00428016
4 74.00 0.00 80.00 0.00 110.00 0.00 104.00 0.00 0.00628737
4 60.00 0.00 68.00 0.00 124.00 0.00 116.00 0.00 0.00192699
4 82.00 0.00 86.00 0.00 102.00 0.00 98.00 0.00 0.00959867
4 88.00 0.00 90.00 0.00 96.00 0.00 94.00 0.00 0.0458833
4 80.00 0.00 84.00 0.00 104.00 0.00 100.00 0.00 0.00505065
4 76.00 0.00 80.00 0.00 108.00 0.00 104.00 0.00 0.00335746
4 64.00 0.00 72.00 0.00 120.00 0.00 112.00 0.00 0.00254811
4 72.00 0.00 80.00 0.00 112.00 0.00 104.00 0.00 0.00921549
4 84.00 0.00 86.00 0.00 100.00 0.00 98.00 0.00 0.00321099
4 86.00 0.00 88.00 0.00 98.00 0.00 96.00 0.00 0.0105771
4 90.00 0.00 92.00 0.00 96.00 0.00 94.00 0.00 0.183051
4 72.00 0.00 78.00 0.00 114.00 0.00 108.00 0.00 0.00330869
4 86.00 0.00 88.00 0.00 100.00 0.00 98.00 0.00 0.0070307
4 88.00 0.00 90.00 0.00 98.00 0.00 96.00 0.00 0.0196768
4 82.00 0.00 88.00 0.00 106.00 0.00 100.00 0.00 0.0170624
4 80.00 0.00 84.00 0.00 108.00 0.00 104.00 0.00 0.00413297
4 74.00 0.00 82.00 0.00 114.00 0.00 106.00 0.00 0.00858149
4 70.00 0.00 76.00 0.00 118.00 0.00 112.00 0.00 0.00218045
4 84.00 0.00 88.00 0.00 104.00 0.00 100.00 0.00 0.00930729
4 76.00 0.00 82.00 0.00 112.00 0.00 106.00 0.00 0.00559187
4 70.00 0.00 78.00 0.00 118.00 0.00 110.00 0.00 0.00447357
4 86.00 0.00 88.00 0.00 102.00 0.00 100.00 0.00 0.00380483
4 62.00 0.00 70.00 0.00 126.00 0.00 118.00 0.00 0.0019159
4 66.00 0.00 74.00 0.00 122.00 0.00 114.00 0.00 0.00283172
4 88.00 0.00 90.00 0.00 100.00 0.00 98.00 0.00 0.0113751
4 90.00 0.00 92.00 0.00 98.00 0.00 96.00 0.00 0.0471094
4 82.00 0.00 86.00 0.00 106.00 0.00 102.00 0.00 0.00494918
4 78.00 0.00 82.00 0.00 110.00 0.00 106.00 0.00 0.00297969
4 74.00 0.00 80.00 0.00 116.00 0.00 110.00 0.00 0.00341575
4 90.00 0.00 92.00 0.00 100.00 0.00 98.00 0.00 0.0216216
4 92.00 0.00 94.00 0.00 98.00 0.00 96.00 0.00 0.1831
4 88.00 0.00 90.00 0.00 102.00 0.00 100.00 0.00 0.0056085
4 72.00 0.00 78.00 0.00 120.00 0.00 114.00 0.00 0.00247207
4 84.00 0.00 88.00 0.00 108.00 0.00 104.00 0.00 0.006572
4 88.00 0.00 90.00 0.00 104.00 0.00 102.00 0.00 0.00334791
4 68.00 0.00 76.00 0.00 124.00 0.00 116.00 0.00 0.00338454
4 84.00 0.00 90.00 0.00 108.00 0.00 102.00 0.00 0.0191162
4 76.00 0.00 84.00 0.00 116.00 0.00 108.00 0.00 0.00763529
4 92.00 0.00 94.00 0.00 100.00 0.00 98.00 0.00 0.0529354
4 82.00 0.00 86.00 0.00 110.00 0.00 106.00 0.00 0.00364838
4 86.00 0.00 90.00 0.00 106.00 0.00 102.00 0.00 0.0111657
4 90.00 0.00 92.00 0.00 102.00 0.00 100.00 0.00 0.00924654
4 80.00 0.00 84.00 0.00 112.00 0.00 108.00 0.00 0.00243837
4 72.00 0.00 80.00 0.00 120.00 0.00 112.00 0.00 0.00498891
4 78.00 0.00 84.00 0.00 114.00 0.00 108.00 0.00 0.00493832
4 90.00 0.00 92.00 0.00 104.00 0.00 102.00 0.00 0.00501916
4 94.00 0.00 96.00 0.00 100.00 0.00 98.00 0.00 0.190474
4 76.00 0.00 82.00 0.00 118.00 0.00 112.00 0.00 0.00312834
4 92.00 0.00 94.00 0.00 102.00 0.00 100.00 0.00 0.017952
4 92.00 0.00 94.00 0.00 104.00 0.00 102.00 0.00 0.00858501
4 74.00 0.00 82.00 0.00 122.00 0.00 114.00 0.00 0.00518397
4 88.00 0.00 92.00 0.00 108.00 0.00 104.00 0.00 0.0131649
4 82.00 0.00 86.00 0.00 114.00 0.00 110.00 0.00 0.00213216
4 86.00 0.00 90.00 0.00 110.00 0.00 106.00 0.00 0.0072524
4 90.00 0.00 92.00 0.00 106.00 0.00 104.00 0.00 0.0043229
4 70.00 0.00 78.00 0.00 126.00 0.00 118.00 0.00 0.0036084
4 86.00 0.00 92.00 0.00 110.00 0.00 104.00 0.00 0.0223033
4 94.00 0.00 96.00 0.00 102.00 0.00 100.00 0.00 0.0407665
4 78.00 0.00 86.00 0.00 118.00 0.00 110.00 0.00 0.00687244
4 74.00 0.00 80.00 0.00 122.00 0.00 116.00 0.00 0.00291083
4 80.00 0.00 86.00 0.00 116.00 0.00 110.00 0.00 0.00413255
4 84.00 0.00 88.00 0.00 112.00 0.00 108.00 0.00 0.00355197
4 78.00 0.00 84.00 0.00 120.00 0.00 114.00 0.00 0.00342045
4 92.00 0.00 94.00 0.00 106.00 0.00 104.00 0.00 0.00676251
4 96.00 0.00 98.00 0.00 102.00 0.00 100.00 0.00 0.167205
4 94.00 0.00 96.00 0.00 104.00 0.00 102.00 0.00 0.0159736
4 86.00 0.00 90.00 0.00 114.00 0.00 110.00 0.00 0.0038755
4 76.00 0.00 82.00 0.00 124.00 0.00 118.00 0.00 0.00292341
4 82.00 0.00 88.00 0.00 118.00 0.00 112.00 0.00 0.00446355
4 80.00 0.00 88.00 0.00 120.00 0.00 112.00 0.00 0.00735935
4 76.00 0.00 84.00 0.00 124.00 0.00 116.00 0.00 0.00539767
4 90.00 0.00 94.00 0.00 110.00 0.00 106.00 0.00 0.0129797
4 94.00 0.00 96.00 0.00 106.00 0.00 104.00 0.00 0.011116
4 84.00 0.00 88.00 0.00 116.00 0.00 112.00 0.00 0.00225139
4 92.00 0.00 94.00 0.00 108.00 0.00 106.00 0.00 0.00483412
4 88.00 0.00 92.00 0.00 112.00 0.00 108.00 0.00 0.00628734
4 88.00 0.00 94.00 0.00 112.00 0.00 106.00 0.00 0.0217095
4 96.00 0.00 98.00 0.00 104.00 0.00 102.00 0.00 0.0408978
4 98.00 0.00 100.00 0.00 104.00 0.00 102.00 0.00 0.195526
4 96.00 0.00 98.00 0.00 106.00 0.00 104.00 0.00 0.0222826
4 80.00 0.00 86.00 0.00 122.00 0.00 116.00 0.00 0.00324669
4 94.00 0.00 96.00 0.00 108.00 0.00 106.00 0.00 0.00727979
4 86.00 0.00 90.00 0.00 118.00 0.00 114.00 0.00 0.00262468
4 84.00 0.00 90.00 0.00 120.00 0.00 114.00 0.00 0.00516187
4 90.00 0.00 94.00 0.00 114.00 0.00 110.00 0.00 0.00609441
4 94.00 0.00 96.00 0.00 110.00 0.00 108.00 0.00 0.004013
4 78.00 0.00 84.00 0.00 126.00 0.00 120.00 0.00 0.00252356
4 90.00 0.00 96.00 0.00 114.00 0.00 108.00 0.00 0.0196387
4 88.00 0.00 92.00 0.00 116.00 0.00 112.00 0.00 0.00369426
4 92.00 0.00 96.00 0.00 112.00 0.00 108.00 0.00 0.0115802
4 96.00 0.00 98.00 0.00 108.00 0.00 106.00 0.00 0.0126203
4 98.00 0.00 100.00 0.00 106.00 0.00 104.00 0.00 0.0642482
4 82.00 0.00 90.00 0.00 122.00 0.00 114.00 0.00 0.00824175
4 78.00 0.00 86.00 0.00 126.00 0.00 118.00 0.00 0.00495854
4 98.00 0.00 100.00 0.00 108.00 0.00 106.00 0.00 0.0280861
4 82.00 0.00 88.00 0.00 124.00 0.00 118.00 0.00 0.00382699
4 96.00 0.00 98.00 0.00 110.00 0.00 108.00 0.00 0.00631422
4 100.00 0.00 102.00 0.00 106.00 0.00 104.00 0.00 0.235989
4 84.00 0.00 92.00 0.00 124.00 0.00 116.00 0.00 0.00902927
4 94.00 0.00 98.00 0.00 114.00 0.00 110.00 0.00 0.0114353
4 96.00 0.00 98.00 0.00 112.00 0.00 110.00 0.00 0.00400795
4 98.00 0.00 100.00 0.00 110.00 0.00 108.00 0.00 0.0120845
4 86.00 0.00 92.00 0.00 122.00 0.00 116.00 0.00 0.00607993
4 92.00 0.00 96.00 0.00 116.00 0.00 112.00 0.00 0.00606681
4 92.00 0.00 98.00 0.00 116.00 0.00 110.00 0.00 0.0195713
4 88.00 0.00 92.00 0.00 120.00 0.00 116.00 0.00 0.00304642
4 90.00 0.00 94.00 0.00 118.00 0.00 114.00 0.00 0.00379768
4 100.00 0.00 102.00 0.00 108.00 0.00 106.00 0.00 0.0601824
4 100.00 0.00 102.00 0.00 110.00 0.00 108.00 0.00 0.0200001
4 102.00 0.00 104.00 0.00 108.00 0.00 106.00 0.00 0.216445
4 84.00 0.00 90.00 0.00 126.00 0.00 120.00 0.00 0.0035118
4 98.00 0.00 100.00 0.00 112.00 0.00 110.00 0.00 0.00704147
4 102.00 0.00 104.00 0.00 110.00 0.00 108.00 0.00 0.0440523
4 98.00 0.00 100.00 0.00 114.00 0.00 112.00 0.00 0.00452371
4 90.00 0.00 94.00 0.00 122.00 0.00 118.00 0.00 0.00344442
4 86.00 0.00 94.00 0.00 126.00 0.00 118.00 0.00 0.00965198
4 94.00 0.00 100.00 0.00 118.00 0.00 112.00 0.00 0.0211735
4 100.00 0.00 102.00 0.00 112.00 0.00 110.00 0.00 0.010186
4 88.00 0.00 94.00 0.00 124.00 0.00 118.00 0.00 0.00661848
4 92.00 0.00 96.00 0.00 120.00 0.00 116.00 0.00 0.00458531
4 94.00 0.00 98.00 0.00 118.00 0.00 114.00 0.00 0.00634209
4 96.00 0.00 100.00 0.00 116.00 0.00 112.00 0.00 0.0124526
4 104.00 0.00 106.00 0.00 110.00 0.00 108.00 0.00 0.223977
4 102.00 0.00 104.00 0.00 112.00 0.00 110.00 0.00 0.0179135
4 100.00 0.00 102.00 0.00 114.00 0.00 112.00 0.00 0.00598019
4 94.00 0.00 98.00 0.00 122.00 0.00 118.00 0.00 0.00528553
4 96.00 0.00 100.00 0.00 120.00 0.00 116.00 0.00 0.00821312
4 92.00 0.00 96.00 0.00 124.00 0.00 120.00 0.00 0.00341595
4 98.00 0.00 102.00 0.00 118.00 0.00 114.00 0.00 0.0124715
4 100.00 0.00 102.00 0.00 116.00 0.00 114.00 0.00 0.00395502
4 104.00 0.00 106.00 0.00 112.00 0.00 110.00 0.00 0.057947
4 96.00 0.00 102.00 0.00 120.00 0.00 114.00 0.00 0.0230222
4 90.00 0.00 96.00 0.00 126.00 0.00 120.00 0.00 0.005965
4 102.00 0.00 104.00 0.00 114.00 0.00 112.00 0.00 0.0092567
4 102.00 0.00 104.00 0.00 116.00 0.00 114.00 0.00 0.0056041
4 106.00 0.00 108.00 0.00 112.00 0.00 110.00 0.00 0.275954
4 104.00 0.00 106.00 0.00 114.00 0.00 112.00 0.00 0.0239864
4 104.00 0.00 106.00 0.00 116.00 0.00 114.00 0.00 0.0127013
4 98.00 0.00 102.00 0.00 122.00 0.00 118.00 0.00 0.00905683
4 94.00 0.00 98.00 0.00 126.00 0.00 122.00 0.00 0.00303566
4 96.00 0.00 100.00 0.00 124.00 0.00 120.00 0.00 0.00560021
4 102.00 0.00 104.00 0.00 118.00 0.00 116.00 0.00 0.00384879
4 98.00 0.00 104.00 0.00 122.00 0.00 116.00 0.00 0.0241571
4 100.00 0.00 104.00 0.00 120.00 0.00 116.00 0.00 0.0130211
4 106.00 0.00 108.00 0.00 114.00 0.00 112.00 0.00 0.0678413
4 106.00 0.00 108.00 0.00 116.00 0.00 114.00 0.00 0.0282253
4 104.00 0.00 106.00 0.00 118.00 0.00 116.00 0.00 0.00796104
4 108.00 0.00 110.00 0.00 114.00 0.00 112.00 0.00 0.262313
4 102.00 0.00 106.00 0.00 122.00 0.00 118.00 0.00 0.017018
4 108.00 0.00 110.00 0.00 116.00 0.00 114.00 0.00 0.0634143
4 100.00 0.00 104.00 0.00 124.00 0.00 120.00 0.00 0.00785072
4 104.00 0.00 106.00 0.00 120.00 0.00 118.00 0.00 0.00669515
4 106.00 0.00 108.00 0.00 118.00 0.00 116.00 0.00 0.0153357
4 98.00 0.00 102.00 0.00 126.00 0.00 122.00 0.00 0.00476705
4 100.00 0.00 106.00 0.00 124.00 0.00 118.00 0.00 0.0285279
4 110.00 0.00 112.00 0.00 116.00 0.00 114.00 0.00 0.242701
4 106.00 0.00 108.00 0.00 120.00 0.00 118.00 0.00 0.0114793
4 108.00 0.00 110.00 0.00 118.00 0.00 116.00 0.00 0.0267327
4 104.00 0.00 108.00 0.00 124.00 0.00 120.00 0.00 0.0198758
4 106.00 0.00 108.00 0.00 122.00 0.00 120.00 0.00 0.00711734
4 108.00 0.00 110.00 0.00 120.00 0.00 118.00 0.00 0.0168145
4 110.00 0.00 112.00 0.00 118.00 0.00 116.00 0.00 0.0612599
4 102.00 0.00 106.00 0.00 126.00 0.00 122.00 0.00 0.00794183
4 102.00 0.00 108.00 0.00 126.00 0.00 120.00 0.00 0.0295035
4 110.00 0.00 112.00 0.00 120.00 0.00 118.00 0.00 0.0295433
4 112.00 0.00 114.00 0.00 118.00 0.00 116.00 0.00 0.240792
4 108.00 0.00 110.00 0.00 122.00 0.00 120.00 0.00 0.00949318
4 112.00 0.00 114.00 0.00 120.00 0.00 118.00 0.00 0.0645392
4 106.00 0.00 110.00 0.00 126.00 0.00 122.00 0.00 0.0170748
4 110.00 0.00 112.00 0.00 122.00 0.00 120.00 0.00 0.0146216
4 108.00 0.00 110.00 0.00 124.00 0.00 122.00 0.00 0.00636352
4 114.00 0.00 116.00 0.00 120.00 0.00 118.00 0.00 0.215553
4 112.00 0.00 114.00 0.00 122.00 0.00 120.00 0.00 0.0253798
4 110.00 0.00 112.00 0.00 124.00 0.00 122.00 0.00 0.00901357
4 110.00 0.00 112.00 0.00 126.00 0.00 124.00 0.00 0.00412583
4 114.00 0.00 116.00 0.00 122.00 0.00 120.00 0.00 0.0546511
4 112.00 0.00 114.00 0.00 124.00 0.00 122.00 0.00 0.0137274
4 112.00 0.00 114.00 0.00 126.00 0.00 124.00 0.00 0.00573441
4 116.00 0.00 118.00 0.00 122.00 0.00 120.00 0.00 0.205686
4 114.00 0.00 116.00 0.00 124.00 0.00 122.00 0.00 0.0242231
4 114.00 0.00 116.00 0.00 126.00 0.00 124.00 0.00 0.00892505
4 116.00 0.00 118.00 0.00 124.00 0.00 122.00 0.00 0.0594751
4 116.00 0.00 118.00 0.00 126.00 0.00 124.00 0.00 0.0173432
4 118.00 0.00 120.00 0.00 124.00 0.00 122.00 0.00 0.354094
4 118.00 0.00 120.00 0.00 126.00 0.00 124.00 0.00 0.0593219
4 120.00 0.00 122.00 0.00 126.00 0.00 124.00 0.00 0.16373
4 0.00 0.00 6.00 0.00 2.00 0.00 4.00 0.00 0.810698
4 2.00 0.00 8.00 0.00 4.00 0.00 6.00 0.00 0.834703
4 0.00 0.00 12.00 0.00 4.00 0.00 8.00 0.00 0.413002
4 4.00 0.00 10.00 0.00 6.00 0.00 8.00 0.00 0.596558
4 2.00 0.00 14.00 0.00 6.00 0.00 10.00 0.00 0.336018
4 0.00 0.00 18.00 0.00 6.00 0.00 12.00 0.00 0.263691
4 6.00 0.00 12.00 0.00 8.00 0.00 10.00 0.00 0.704772
4 4.00 0.00 16.00 0.00 8.00 0.00 12.00 0.00 0.355107
4 2.00 0.00 20.00 0.00 8.00 0.00 14.00 0.00 0.270155
4 8.00 0.00 14.00 0.00 10.00 0.00 12.00 0.00 0.671586
4 6.00 0.00 18.00 0.00 10.00 0.00 14.00 0.00 0.367193
4 0.00 0.00 24.00 0.00 8.00 0.00 16.00 0.00 0.239876
4 4.00 0.00 22.00 0.00 10.00 0.00 16.00 0.00 0.285478
4 10.00 0.00 16.00 0.00 12.00 0.00 14.00 0.00 0.641092
4 2.00 0.00 26.00 0.00 10.00 0.00 18.00 0.00 0.238888
4 8.00 0.00 20.00 0.00 12.00 0.00 16.00 0.00 0.356092
4 0.00 0.00 30.00 0.00 10.00 0.00 20.00 0.00 0.191084
4 6.00 0.00 24.00 0.00 12.00 0.00 18.00 0.00 0.28906
4 12.00 0.00 18.00 0.00 14.00 0.00 16.00 0.00 0.604054
4 4.00 0.00 28.00 0.00 12.00 0.00 20.00 0.00 0.216851
4 10.00 0.00 22.00 0.00 14.00 0.00 18.00 0.00 0.399057
4 2.00 0.00 32.00 0.00 12.00 0.00 22.00 0.00 0.160511
4 14.00 0.00 20.00 0.00 16.00 0.00 18.00 0.00 0.684891
4 8.00 0.00 26.00 0.00 14.00 0.00 20.00 0.00 0.259399
4 12.00 0.00 24.00 0.00 16.00 0.00 20.00 0.00 0.347957
4 6.00 0.00 30.00 0.00 14.00 0.00 22.00 0.00 0.192919
4 0.00 0.00 36.00 0.00 12.00 0.00 24.00 0.00 0.14621
4 10.00 0.00 28.00 0.00 16.00 0.00 22.00 0.00 0.225796
4 4.00 0.00 34.00 0.00 14.00 0.00 24.00 0.00 0.157368
4 16.00 0.00 22.00 0.00 18.00 0.00 20.00 0.00 0.621181
4 2.00 0.00 38.00 0.00 14.00 0.00 26.00 0.00 0.144349
4 14.00 0.00 26.00 0.00 18.00 0.00 22.00 0.00 0.279463
4 8.00 0.00 32.00 0.00 16.00 0.00 24.00 0.00 0.185827
4 12.00 0.00 30.00 0.00 18.00 0.00 24.00 0.00 0.237174
4 0.00 0.00 42.00 0.00 14.00 0.00 28.00 0.00 0.140739
4 6.00 0.00 36.00 0.00 16.00 0.00 26.00 0.00 0.161451
4 18.00 0.00 24.00 0.00 20.00 0.00 22.00 0.00 0.502492
4 4.00 0.00 40.00 0.00 16.00 0.00 28.00 0.00 0.152563
4 10.00 0.00 34.00 0.00 18.00 0.00 26.00 0.00 0.178307
4 16.00 0.00 28.00 0.00 20.00 0.00 24.00 0.00 0.3541
4 20.00 0.00 26.00 0.00 22.00 0.00 24.00 0.00 0.795463
4 2.00 0.00 44.00 0.00 16.00 0.00 30.00 0.00 0.151029
4 8.00 0.00 38.00 0.00 18.00 0.00 28.00 0.00 0.169061
4 14.00 0.00 32.00 0.00 20.00 0.00 26.00 0.00 0.240494
4 12.00 0.00 36.00 0.00 20.00 0.00 28.00 0.00 0.206305
4 6.00 0.00 42.00 0.00 18.00 0.00 30.00 0.00 0.165919
4 18.00 0.00 30.00 0.00 22.00 0.00 26.00 0.00 0.450975
4 0.00 0.00 48.00 0.00 16.00 0.00 32.00 0.00 0.148662
4 4.00 0.00 46.00 0.00 18.00 0.00 32.00 0.00 0.159746
4 10.00 0.00 40.00 0.00 20.00 0.00 30.00 0.00 0.195248
4 16.00 0.00 34.00 0.00 22.00 0.00 28.00 0.00 0.288857
4 22.00 0.00 28.00 0.00 24.00 0.00 26.00 0.00 0.655718
4 14.00 0.00 38.00 0.00 22.00 0.00 30.00 0.00 0.25343
4 8.00 0.00 44.00 0.00 20.00 0.00 32.00 0.00 0.191003
4 20.00 0.00 32.00 0.00 24.00 0.00 28.00 0.00 0.41755
4 2.00 0.00 50.00 0.00 18.00 0.00 34.00 0.00 0.149144
4 18.00 0.00 36.00 0.00 24.00 0.00 30.00 0.00 0.32059
4 12.00 0.00 42.00 0.00 22.00 0.00 32.00 0.00 0.234275
4 24.00 0.00 30.00 0.00 26.00 0.00 28.00 0.00 1.03478
4 0.00 0.00 54.00 0.00 18.00 0.00 36.00 0.00 0.128336
4 6.00 0.00 48.00 0.00 20.00 0.00 34.00 0.00 0.173461
4 16.00 0.00 40.00 0.00 24.00 0.00 32.00 0.00 0.285954
4 10.00 0.00 46.00 0.00 22.00 0.00 34.00 0.00 0.202367
4 22.00 0.00 34.00 0.00 26.00 0.00 30.00 0.00 0.410945
4 4.00 0.00 52.00 0.00 20.00 0.00 36.00 0.00 0.149043
4 14.00 0.00 44.00 0.00 24.00 0.00 34.00 0.00 0.245912
4 2.00 0.00 56.00 0.00 20.00 0.00 38.00 0.00 0.128937
4 26.00 0.00 32.00 0.00 28.00 0.00 30.00 0.00 0.912185
4 8.00 0.00 50.00 0.00 22.00 0.00 36.00 0.00 0.177677
4 20.00 0.00 38.00 0.00 26.00 0.00 32.00 0.00 0.360616
4 0.00 0.00 60.00 0.00 20.00 0.00 40.00 0.00 0.118348
4 12.00 0.00 48.00 0.00 24.00 0.00 36.00 0.00 0.204085
4 24.00 0.00 36.00 0.00 28.00 0.00 32.00 0.00 0.499461
4 18.00 0.00 42.00 0.00 26.00 0.00 34.00 0.00 0.301443
4 6.00 0.00 54.00 0.00 22.00 0.00 38.00 0.00 0.148845
4 28.00 0.00 34.00 0.00 30.00 0.00 32.00 0.00 1.15757
4 4.00 0.00 58.00 0.00 22.00 0.00 40.00 0.00 0.132288
4 22.00 0.00 40.00 0.00 28.00 0.00 34.00 0.00 0.353391
4 10.00 0.00 52.00 0.00 24.00 0.00 38.00 0.00 0.171146
4 16.00 0.00 46.00 0.00 26.00 0.00 36.00 0.00 0.238677
4 2.00 0.00 62.00 0.00 22.00 0.00 42.00 0.00 0.12165
4 26.00 0.00 38.00 0.00 30.00 0.00 34.00 0.00 0.515356
4 20.00 0.00 44.00 0.00 28.00 0.00 36.00 0.00 0.290246
4 8.00 0.00 56.00 0.00 24.00 0.00 40.00 0.00 0.144194
4 14.00 0.00 50.00 0.00 26.00 0.00 38.00 0.00 0.201535
4 12.00 0.00 54.00 0.00 26.00 0.00 40.00 0.00 0.161917
4 18.00 0.00 48.00 0.00 28.00 0.00 38.00 0.00 0.236889
4 6.00 0.00 60.00 0.00 24.00 0.00 42.00 0.00 0.130702
4 30.00 0.00 36.00 0.00 32.00 0.00 34.00 0.00 0.93289
4 24.00 0.00 42.00 0.00 30.00 0.00 36.00 0.00 0.341565
4 10.00 0.00 58.00 0.00 26.00 0.00 42.00 0.00 0.142841
4 28.00 0.00 40.00 0.00 32.00 0.00 36.00 0.00 0.459898
4 4.00 0.00 64.00 0.00 24.00 0.00 44.00 0.00 0.118366
4 22.00 0.00 46.00 0.00 30.00 0.00 38.00 0.00 0.250712
4 16.00 0.00 52.00 0.00 28.00 0.00 40.00 0.00 0.190629
4 8.00 0.00 62.00 0.00 26.00 0.00 44.00 0.00 0.128078
4 14.00 0.00 56.00 0.00 28.00 0.00 42.00 0.00 0.156488
4 32.00 0.00 38.00 0.00 34.00 0.00 36.00 0.00 0.795648
4 20.00 0.00 50.00 0.00 30.00 0.00 40.00 0.00 0.213416
4 26.00 0.00 44.00 0.00 32.00 0.00 38.00 0.00 0.303846
4 24.00 0.00 48.00 0.00 32.00 0.00 40.00 0.00 0.228638
4 30.00 0.00 42.00 0.00 34.00 0.00 38.00 0.00 0.415633
4 6.00 0.00 66.00 0.00 26.00 0.00 46.00 0.00 0.121381
4 12.00 0.00 60.00 0.00 28.00 0.00 44.00 0.00 0.136683
4 18.00 0.00 54.00 0.00 30.00 0.00 42.00 0.00 0.170253
4 0.00 0.00 72.00 0.00 24.00 0.00 48.00 0.00 0.105451
4 10.00 0.00 64.00 0.00 28.00 0.00 46.00 0.00 0.127349
4 22.00 0.00 52.00 0.00 32.00 0.00 42.00 0.00 0.179356
4 28.00 0.00 46.00 0.00 34.00 0.00 40.00 0.00 0.27135
4 16.00 0.00 58.00 0.00 30.00 0.00 44.00 0.00 0.145416
4 34.00 0.00 40.00 0.00 36.00 0.00 38.00 0.00 0.780562
4 8.00 0.00 68.00 0.00 28.00 0.00 48.00 0.00 0.1169
4 20.00 0.00 56.00 0.00 32.00 0.00 44.00 0.00 0.145253
4 32.00 0.00 44.00 0.00 36.00 0.00 40.00 0.00 0.442442
4 2.00 0.00 74.00 0.00 26.00 0.00 50.00 0.00 0.105842
4 14.00 0.00 62.00 0.00 30.00 0.00 46.00 0.00 0.134157
4 26.00 0.00 50.00 0.00 34.00 0.00 42.00 0.00 0.212817
4 18.00 0.00 60.00 0.00 32.00 0.00 46.00 0.00 0.135966
4 30.00 0.00 48.00 0.00 36.00 0.00 42.00 0.00 0.291349
4 12.00 0.00 66.00 0.00 30.00 0.00 48.00 0.00 0.120019
4 24.00 0.00 54.00 0.00 34.00 0.00 44.00 0.00 0.155585
4 36.00 0.00 42.00 0.00 38.00 0.00 40.00 0.00 0.715471
4 22.00 0.00 58.00 0.00 34.00 0.00 46.00 0.00 0.139014
4 16.00 0.00 64.00 0.00 32.00 0.00 48.00 0.00 0.120618
4 4.00 0.00 76.00 0.00 28.00 0.00 52.00 0.00 0.103439
4 28.00 0.00 52.00 0.00 36.00 0.00 44.00 0.00 0.208983
4 10.00 0.00 70.00 0.00 30.00 0.00 50.00 0.00 0.114831
4 34.00 0.00 46.00 0.00 38.00 0.00 42.00 0.00 0.426595
4 32.00 0.00 50.00 0.00 38.00 0.00 44.00 0.00 0.3034
4 14.00 0.00 68.00 0.00 32.00 0.00 50.00 0.00 0.114463
4 26.00 0.00 56.00 0.00 36.00 0.00 46.00 0.00 0.163662
4 20.00 0.00 62.00 0.00 34.00 0.00 48.00 0.00 0.125054
4 38.00 0.00 44.00 0.00 40.00 0.00 42.00 0.00 0.781115
4 18.00 0.00 66.00 0.00 34.00 0.00 50.00 0.00 0.118932
4 0.00 0.00 84.00 0.00 28.00 0.00 56.00 0.00 0.0917743
4 30.00 0.00 54.00 0.00 38.00 0.00 46.00 0.00 0.218528
4 24.00 0.00 60.00 0.00 36.00 0.00 48.00 0.00 0.13606
4 12.00 0.00 72.00 0.00 32.00 0.00 52.00 0.00 0.108365
4 6.00 0.00 78.00 0.00 30.00 0.00 54.00 0.00 0.102041
4 36.00 0.00 48.00 0.00 40.00 0.00 44.00 0.00 0.426068
4 16.00 0.00 70.00 0.00 34.00 0.00 52.00 0.00 0.113928
4 28.00 0.00 58.00 0.00 38.00 0.00 48.00 0.00 0.166093
4 22.00 0.00 64.00 0.00 36.00 0.00 50.00 0.00 0.124955
4 40.00 0.00 46.00 0.00 42.00 0.00 44.00 0.00 0.614029
4 34.00 0.00 52.00 0.00 40.00 0.00 46.00 0.00 0.339513
4 32.00 0.00 56.00 0.00 40.00 0.00 48.00 0.00 0.227581
4 26.00 0.00 62.00 0.00 38.00 0.00 50.00 0.00 0.144221
4 14.00 0.00 74.00 0.00 34.00 0.00 54.00 0.00 0.108892
4 8.00 0.00 80.00 0.00 32.00 0.00 56.00 0.00 0.0924542
4 20.00 0.00 68.00 0.00 36.00 0.00 52.00 0.00 0.120698
4 38.00 0.00 50.00 0.00 42.00 0.00 46.00 0.00 0.485789
4 2.00 0.00 86.00 0.00 30.00 0.00 58.00 0.00 0.0877313
4 24.00 0.00 66.00 0.00 38.00 0.00 52.00 0.00 0.130892
4 42.00 0.00 48.00 0.00 44.00 0.00 46.00 0.00 0.981027
4 18.00 0.00 72.00 0.00 36.00 0.00 54.00 0.00 0.118015
4 30.00 0.00 60.00 0.00 40.00 0.00 50.00 0.00 0.182765
4 36.00 0.00 54.00 0.00 42.00 0.00 48.00 0.00 0.289512
4 10.00 0.00 82.00 0.00 34.00 0.00 58.00 0.00 0.0883529
4 16.00 0.00 76.00 0.00 36.00 0.00 56.00 0.00 0.105173
4 28.00 0.00 64.00 0.00 40.00 0.00 52.00 0.00 0.155203
4 22.00 0.00 70.00 0.00 38.00 0.00 54.00 0.00 0.126725
4 40.00 0.00 52.00 0.00 44.00 0.00 48.00 0.00 0.481862
4 4.00 0.00 88.00 0.00 32.00 0.00 60.00 0.00 0.0817729
4 34.00 0.00 58.00 0.00 42.00 0.00 50.00 0.00 0.24131
4 44.00 0.00 50.00 0.00 46.00 0.00 48.00 0.00 0.788859
4 26.00 0.00 68.00 0.00 40.00 0.00 54.00 0.00 0.142905
4 20.00 0.00 74.00 0.00 38.00 0.00 56.00 0.00 0.114662
4 38.00 0.00 56.00 0.00 44.00 0.00 50.00 0.00 0.313453
4 32.00 0.00 62.00 0.00 42.00 0.00 52.00 0.00 0.201433
4 0.00 0.00 96.00 0.00 32.00 0.00 64.00 0.00 0.0732184
4 24.00 0.00 72.00 0.00 40.00 0.00 56.00 0.00 0.125851
4 12.00 0.00 84.00 0.00 36.00 0.00 60.00 0.00 0.0874732
4 36.00 0.00 60.00 0.00 44.00 0.00 52.00 0.00 0.252357
4 42.00 0.00 54.00 0.00 46.00 0.00 50.00 0.00 0.40396
4 18.00 0.00 78.00 0.00 38.00 0.00 58.00 0.00 0.10277
4 6.00 0.00 90.00 0.00 34.00 0.00 62.00 0.00 0.0785506
4 30.00 0.00 66.00 0.00 42.00 0.00 54.00 0.00 0.173043
4 46.00 0.00 52.00 0.00 48.00 0.00 50.00 0.00 1.3072
4 22.00 0.00 76.00 0.00 40.00 0.00 58.00 0.00 0.109496
4 34.00 0.00 64.00 0.00 44.00 0.00 54.00 0.00 0.224952
4 40.00 0.00 58.00 0.00 46.00 0.00 52.00 0.00 0.290414
4 28.00 0.00 70.00 0.00 42.00 0.00 56.00 0.00 0.147621
4 44.00 0.00 56.00 0.00 48.00 0.00 52.00 0.00 0.41816
4 8.00 0.00 92.00 0.00 36.00 0.00 64.00 0.00 0.0771272
4 32.00 0.00 68.00 0.00 44.00 0.00 56.00 0.00 0.185911
4 20.00 0.00 80.00 0.00 40.00 0.00 60.00 0.00 0.0992925
4 2.00 0.00 98.00 0.00 34.00 0.00 66.00 0.00 0.0705049
4 26.00 0.00 74.00 0.00 42.00 0.00 58.00 0.00 0.125096
4 14.00 0.00 86.00 0.00 38.00 0.00 62.00 0.00 0.0871378
4 38.00 0.00 62.00 0.00 46.00 0.00 54.00 0.00 0.254335
4 24.00 0.00 78.00 0.00 42.00 0.00 60.00 0.00 0.109242
4 48.00 0.00 54.00 0.00 50.00 0.00 52.00 0.00 0.937709
4 30.00 0.00 72.00 0.00 44.00 0.00 58.00 0.00 0.152829
4 42.00 0.00 60.00 0.00 48.00 0.00 54.00 0.00 0.325167
4 36.00 0.00 66.00 0.00 46.00 0.00 56.00 0.00 0.20782
4 4.00 0.00 100.00 0.00 36.00 0.00 68.00 0.00 0.0687211
4 10.00 0.00 94.00 0.00 38.00 0.00 66.00 0.00 0.0763314
4 34.00 0.00 70.00 0.00 46.00 0.00 58.00 0.00 0.181169
4 22.00 0.00 82.00 0.00 42.00 0.00 62.00 0.00 0.0962749
4 46.00 0.00 58.00 0.00 50.00 0.00 54.00 0.00 0.499081
4 16.00 0.00 88.00 0.00 40.00 0.00 64.00 0.00 0.0862101
4 40.00 0.00 64.00 0.00 48.00 0.00 56.00 0.00 0.25302
4 28.00 0.00 76.00 0.00 44.00 0.00 60.00 0.00 0.128551
4 50.00 0.00 56.00 0.00 52.00 0.00 54.00 0.00 1.27574
4 44.00 0.00 62.00 0.00 50.00 0.00 56.00 0.00 0.300749
4 32.00 0.00 74.00 0.00 46.00 0.00 60.00 0.00 0.154756
4 38.00 0.00 68.00 0.00 48.00 0.00 58.00 0.00 0.211126
4 26.00 0.00 80.00 0.00 44.00 0.00 62.00 0.00 0.107953
4 6.00 0.00 102.00 0.00 38.00 0.00 70.00 0.00 0.0680877
4 48.00 0.00 60.00 0.00 52.00 0.00 56.00 0.00 0.443448
4 36.00 0.00 72.00 0.00 48.00 0.00 60.00 0.00 0.183107
4 0.00 0.00 108.00 0.00 36.00 0.00 72.00 0.00 0.0630507
4 42.00 0.00 66.00 0.00 50.00 0.00 58.00 0.00 0.238245
4 18.00 0.00 90.00 0.00 42.00 0.00 66.00 0.00 0.0857706
4 30.00 0.00 78.00 0.00 46.00 0.00 62.00 0.00 0.126171
4 24.00 0.00 84.00 0.00 44.00 0.00 64.00 0.00 0.0984565
4 12.00 0.00 96.00 0.00 40.00 0.00 68.00 0.00 0.0755918
4 46.00 0.00 64.00 0.00 52.00 0.00 58.00 0.00 0.298768
4 52.00 0.00 58.00 0.00 54.00 0.00 56.00 0.00 0.732811
4 40.00 0.00 70.00 0.00 50.00 0.00 60.00 0.00 0.206654
4 34.00 0.00 76.00 0.00 48.00 0.00 62.00 0.00 0.156264
4 28.00 0.00 82.00 0.00 46.00 0.00 64.00 0.00 0.10764
4 2.00 0.00 110.00 0.00 38.00 0.00 74.00 0.00 0.0624866
4 32.00 0.00 80.00 0.00 48.00 0.00 64.00 0.00 0.131583
4 38.00 0.00 74.00 0.00 50.00 0.00 62.00 0.00 0.174537
4 20.00 0.00 92.00 0.00 44.00 0.00 68.00 0.00 0.0846969
4 26.00 0.00 86.00 0.00 46.00 0.00 66.00 0.00 0.0977641
4 14.00 0.00 98.00 0.00 42.00 0.00 70.00 0.00 0.0744523
4 44.00 0.00 68.00 0.00 52.00 0.00 60.00 0.00 0.226972
4 8.00 0.00 104.00 0.00 40.00 0.00 72.00 0.00 0.0688505
4 50.00 0.00 62.00 0.00 54.00 0.00 58.00 0.00 0.359917
4 30.00 0.00 84.00 0.00 48.00 0.00 66.00 0.00 0.113358
4 36.00 0.00 78.00 0.00 50.00 0.00 64.00 0.00 0.149531
4 48.00 0.00 66.00 0.00 54.00 0.00 60.00 0.00 0.239743
4 54.00 0.00 60.00 0.00 56.00 0.00 58.00 0.00 0.648858
4 42.00 0.00 72.00 0.00 52.00 0.00 62.00 0.00 0.19162
4 4.00 0.00 112.00 0.00 40.00 0.00 76.00 0.00 0.0629363
4 46.00 0.00 70.00 0.00 54.00 0.00 62.00 0.00 0.203182
4 28.00 0.00 88.00 0.00 48.00 0.00 68.00 0.00 0.0995983
4 10.00 0.00 106.00 0.00 42.00 0.00 74.00 0.00 0.0684167
4 40.00 0.00 76.00 0.00 52.00 0.00 64.00 0.00 0.163078
4 22.00 0.00 94.00 0.00 46.00 0.00 70.00 0.00 0.0803259
4 52.00 0.00 64.00 0.00 56.00 0.00 60.00 0.00 0.349534
4 34.00 0.00 82.00 0.00 50.00 0.00 66.00 0.00 0.130612
4 16.00 0.00 100.00 0.00 44.00 0.00 72.00 0.00 0.0755633
4 44.00 0.00 74.00 0.00 54.00 0.00 64.00 0.00 0.167064
4 56.00 0.00 62.00 0.00 58.00 0.00 60.00 0.00 0.636221
4 38.00 0.00 80.00 0.00 52.00 0.00 66.00 0.00 0.139233
4 50.00 0.00 68.00 0.00 56.00 0.00 62.00 0.00 0.243916
4 32.00 0.00 86.00 0.00 50.00 0.00 68.00 0.00 0.116008
4 48.00 0.00 72.00 0.00 56.00 0.00 64.00 0.00 0.19581
4 12.00 0.00 108.00 0.00 44.00 0.00 76.00 0.00 0.069319
4 0.00 0.00 120.00 0.00 40.00 0.00 80.00 0.00 0.05836
4 24.00 0.00 96.00 0.00 48.00 0.00 72.00 0.00 0.0834629
4 54.00 0.00 66.00 0.00 58.00 0.00 62.00 0.00 0.349461
4 36.00 0.00 84.00 0.00 52.00 0.00 68.00 0.00 0.124053
4 42.00 0.00 78.00 0.00 54.00 0.00 66.00 0.00 0.143008
4 6.00 0.00 114.00 0.00 42.00 0.00 78.00 0.00 0.0633913
4 18.00 0.00 102.00 0.00 46.00 0.00 74.00 0.00 0.0747555
4 30.00 0.00 90.00 0.00 50.00 0.00 70.00 0.00 0.0993262
4 46.00 0.00 76.00 0.00 56.00 0.00 66.00 0.00 0.166434
4 40.00 0.00 82.00 0.00 54.00 0.00 68.00 0.00 0.123327
4 34.00 0.00 88.00 0.00 52.00 0.00 70.00 0.00 0.111566
4 58.00 0.00 64.00 0.00 60.00 0.00 62.00 0.00 0.516686
4 52.00 0.00 70.00 0.00 58.00 0.00 64.00 0.00 0.255465
4 44.00 0.00 80.00 0.00 56.00 0.00 68.00 0.00 0.132865
4 38.00 0.00 86.00 0.00 54.00 0.00 70.00 0.00 0.112556
4 20.00 0.00 104.00 0.00 48.00 0.00 76.00 0.00 0.0768129
4 26.00 0.00 98.00 0.00 50.00 0.00 74.00 0.00 0.0832228
4 56.00 0.00 68.00 0.00 60.00 0.00 64.00 0.00 0.322485
4 8.00 0.00 116.00 0.00 44.00 0.00 80.00 0.00 0.0643047
4 50.00 0.00 74.00 0.00 58.00 0.00 66.00 0.00 0.202931
4 32.00 0.00 92.00 0.00 52.00 0.00 72.00 0.00 0.102488
4 14.00 0.00 110.00 0.00 46.00 0.00 78.00 0.00 0.0684512
4 2.00 0.00 122.00 0.00 42.00 0.00 82.00 0.00 0.0566071
4 42.00 0.00 84.00 0.00 56.00 0.00 70.00 0.00 0.119464
4 60.00 0.00 66.00 0.00 62.00 0.00 64.00 0.00 0.564421
4 36.00 0.00 90.00 0.00 54.00 0.00 72.00 0.00 0.104878
4 54.00 0.00 72.00 0.00 60.00 0.00 66.00 0.00 0.253206
4 48.00 0.00 78.00 0.00 58.00 0.00 68.00 0.00 0.157287
4 40.00 0.00 88.00 0.00 56.00 0.00 72.00 0.00 0.113098
4 22.00 0.00 106.00 0.00 50.00 0.00 78.00 0.00 0.0751094
4 16.00 0.00 112.00 0.00 48.00 0.00 80.00 0.00 0.0699043
4 58.00 0.00 70.00 0.00 62.00 0.00 66.00 0.00 0.344749
4 34.00 0.00 94.00 0.00 54.00 0.00 74.00 0.00 0.097736
4 10.00 0.00 118.00 0.00 46.00 0.00 82.00 0.00 0.0624539
4 52.00 0.00 76.00 0.00 60.00 0.00 68.00 0.00 0.190384
4 46.00 0.00 82.00 0.00 58.00 0.00 70.00 0.00 0.132944
4 28.00 0.00 100.00 0.00 52.00 0.00 76.00 0.00 0.0843949
4 4.00 0.00 124.00 0.00 44.00 0.00 84.00 0.00 0.0553855
4 38.00 0.00 92.00 0.00 56.00 0.00 74.00 0.00 0.104832
4 62.00 0.00 68.00 0.00 64.00 0.00 66.00 0.00 0.586093
4 50.00 0.00 80.00 0.00 60.00 0.00 70.00 0.00 0.147586
4 56.00 0.00 74.00 0.00 62.00 0.00 68.00 0.00 0.243526
4 44.00 0.00 86.00 0.00 58.00 0.00 72.00 0.00 0.123639
4 36.00 0.00 96.00 0.00 56.00 0.00 76.00 0.00 0.0999506
4 24.00 0.00 108.00 0.00 52.00 0.00 80.00 0.00 0.0749259
4 60.00 0.00 72.00 0.00 64.00 0.00 68.00 0.00 0.320942
4 30.00 0.00 102.00 0.00 54.00 0.00 78.00 0.00 0.0837951
4 6.00 0.00 126.00 0.00 46.00 0.00 86.00 0.00 0.0534845
4 54.00 0.00 78.00 0.00 62.00 0.00 70.00 0.00 0.188775
4 48.00 0.00 84.00 0.00 60.00 0.00 72.00 0.00 0.133724
4 18.00 0.00 114.00 0.00 50.00 0.00 82.00 0.00 0.0685986
4 42.00 0.00 90.00 0.00 58.00 0.00 74.00 0.00 0.113351
4 12.00 0.00 120.00 0.00 48.00 0.00 84.00 0.00 0.0614215
4 58.00 0.00 76.00 0.00 64.00 0.00 70.00 0.00 0.219747
4 52.00 0.00 82.00 0.00 62.00 0.00 72.00 0.00 0.158198
4 64.00 0.00 70.00 0.00 66.00 0.00 68.00 0.00 0.57169
4 46.00 0.00 88.00 0.00 60.00 0.00 74.00 0.00 0.124434
4 40.00 0.00 94.00 0.00 58.00 0.00 76.00 0.00 0.107382
4 32.00 0.00 104.00 0.00 56.00 0.00 80.00 0.00 0.089361
4 50.00 0.00 86.00 0.00 62.00 0.00 74.00 0.00 0.142149
4 20.00 0.00 116.00 0.00 52.00 0.00 84.00 0.00 0.0667193
4 14.00 0.00 122.00 0.00 50.00 0.00 86.00 0.00 0.0585537
4 62.00 0.00 74.00 0.00 66.00 0.00 70.00 0.00 0.29394
4 44.00 0.00 92.00 0.00 60.00 0.00 76.00 0.00 0.114719
4 56.00 0.00 80.00 0.00 64.00 0.00 72.00 0.00 0.183371
4 38.00 0.00 98.00 0.00 58.00 0.00 78.00 0.00 0.101387
4 26.00 0.00 110.00 0.00 54.00 0.00 82.00 0.00 0.0716191
4 60.00 0.00 78.00 0.00 66.00 0.00 72.00 0.00 0.229487
4 48.00 0.00 90.00 0.00 62.00 0.00 76.00 0.00 0.128251
4 66.00 0.00 72.00 0.00 68.00 0.00 70.00 0.00 0.533139
4 42.00 0.00 96.00 0.00 60.00 0.00 78.00 0.00 0.108107
4 54.00 0.00 84.00 0.00 64.00 0.00 74.00 0.00 0.164366
4 34.00 0.00 106.00 0.00 58.00 0.00 82.00 0.00 0.0895654
4 46.00 0.00 94.00 0.00 62.00 0.00 78.00 0.00 0.119809
4 16.00 0.00 124.00 0.00 52.00 0.00 88.00 0.00 0.0564782
4 58.00 0.00 82.00 0.00 66.00 0.00 74.00 0.00 0.18234
4 28.00 0.00 112.00 0.00 56.00 0.00 84.00 0.00 0.0725199
4 64.00 0.00 76.00 0.00 68.00 0.00 72.00 0.00 0.332679
4 52.00 0.00 88.00 0.00 64.00 0.00 76.00 0.00 0.147595
4 40.00 0.00 100.00 0.00 60.00 0.00 80.00 0.00 0.102294
4 22.00 0.00 118.00 0.00 54.00 0.00 86.00 0.00 0.0622802
4 68.00 0.00 74.00 0.00 70.00 0.00 72.00 0.00 0.732199
4 50.00 0.00 92.00 0.00 64.00 0.00 78.00 0.00 0.132595
4 62.00 0.00 80.00 0.00 68.00 0.00 74.00 0.00 0.222927
4 56.00 0.00 86.00 0.00 66.00 0.00 76.00 0.00 0.172222
4 44.00 0.00 98.00 0.00 62.00 0.00 80.00 0.00 0.111424
4 18.00 0.00 126.00 0.00 54.00 0.00 90.00 0.00 0.054381
4 30.00 0.00 114.00 0.00 58.00 0.00 86.00 0.00 0.0731088
4 66.00 0.00 78.00 0.00 70.00 0.00 74.00 0.00 0.362952
4 24.00 0.00 120.00 0.00 56.00 0.00 88.00 0.00 0.0617778
4 60.00 0.00 84.00 0.00 68.00 0.00 76.00 0.00 0.198551
4 48.00 0.00 96.00 0.00 64.00 0.00 80.00 0.00 0.122413
4 54.00 0.00 90.00 0.00 66.00 0.00 78.00 0.00 0.154173
4 42.00 0.00 102.00 0.00 62.00 0.00 82.00 0.00 0.102451
4 36.00 0.00 108.00 0.00 60.00 0.00 84.00 0.00 0.0879802
4 64.00 0.00 82.00 0.00 70.00 0.00 76.00 0.00 0.252716
4 52.00 0.00 94.00 0.00 66.00 0.00 80.00 0.00 0.139083
4 58.00 0.00 88.00 0.00 68.00 0.00 78.00 0.00 0.175774
4 46.00 0.00 100.00 0.00 64.00 0.00 82.00 0.00 0.110972
4 70.00 0.00 76.00 0.00 72.00 0.00 74.00 0.00 0.623487
4 62.00 0.00 86.00 0.00 70.00 0.00 78.00 0.00 0.216727
4 50.00 0.00 98.00 0.00 66.00 0.00 82.00 0.00 0.122946
4 32.00 0.00 116.00 0.00 60.00 0.00 88.00 0.00 0.075722
4 44.00 0.00 104.00 0.00 64.00 0.00 84.00 0.00 0.102611
4 68.00 0.00 80.00 0.00 72.00 0.00 76.00 0.00 0.329421
4 56.00 0.00 92.00 0.00 68.00 0.00 80.00 0.00 0.16132
4 38.00 0.00 110.00 0.00 62.00 0.00 86.00 0.00 0.0863981
4 26.00 0.00 122.00 0.00 58.00 0.00 90.00 0.00 0.0612197
4 48.00 0.00 102.00 0.00 66.00 0.00 84.00 0.00 0.110475
4 66.00 0.00 84.00 0.00 72.00 0.00 78.00 0.00 0.253364
4 72.00 0.00 78.00 0.00 74.00 0.00 76.00 0.00 0.782699
4 60.00 0.00 90.00 0.00 70.00 0.00 80.00 0.00 0.188781
4 54.00 0.00 96.00 0.00 68.00 0.00 82.00 0.00 0.143716
4 46.00 0.00 106.00 0.00 66.00 0.00 86.00 0.00 0.101126
4 28.00 0.00 124.00 0.00 60.00 0.00 92.00 0.00 0.0605071
4 64.00 0.00 88.00 0.00 72.00 0.00 80.00 0.00 0.21854
4 58.00 0.00 94.00 0.00 70.00 0.00 82.00 0.00 0.161251
4 40.00 0.00 112.00 0.00 64.00 0.00 88.00 0.00 0.0869178
4 70.00 0.00 82.00 0.00 74.00 0.00 78.00 0.00 0.341087
4 52.00 0.00 100.00 0.00 68.00 0.00 84.00 0.00 0.125267
4 34.00 0.00 118.00 0.00 62.00 0.00 90.00 0.00 0.0773324
4 74.00 0.00 80.00 0.00 76.00 0.00 78.00 0.00 0.655904
4 62.00 0.00 92.00 0.00 72.00 0.00 82.00 0.00 0.178389
4 50.00 0.00 104.00 0.00 68.00 0.00 86.00 0.00 0.112065
4 56.00 0.00 98.00 0.00 70.00 0.00 84.00 0.00 0.145227
4 68.00 0.00 86.00 0.00 74.00 0.00 80.00 0.00 0.279643
4 36.00 0.00 120.00 0.00 64.00 0.00 92.00 0.00 0.0758679
4 60.00 0.00 96.00 0.00 72.00 0.00 84.00 0.00 0.15637
4 42.00 0.00 114.00 0.00 66.00 0.00 90.00 0.00 0.0875
4 72.00 0.00 84.00 0.00 76.00 0.00 80.00 0.00 0.372116
4 54.00 0.00 102.00 0.00 70.00 0.00 86.00 0.00 0.128656
4 30.00 0.00 126.00 0.00 62.00 0.00 94.00 0.00 0.0619787
4 66.00 0.00 90.00 0.00 74.00 0.00 82.00 0.00 0.211448
4 48.00 0.00 108.00 0.00 68.00 0.00 88.00 0.00 0.101776
4 76.00 0.00 82.00 0.00 78.00 0.00 80.00 0.00 0.783701
4 58.00 0.00 100.00 0.00 72.00 0.00 86.00 0.00 0.134626
4 70.00 0.00 88.00 0.00 76.00 0.00 82.00 0.00 0.243634
4 52.00 0.00 106.00 0.00 70.00 0.00 88.00 0.00 0.116872
4 64.00 0.00 94.00 0.00 74.00 0.00 84.00 0.00 0.176567
4 74.00 0.00 86.00 0.00 78.00 0.00 82.00 0.00 0.366922
4 56.00 0.00 104.00 0.00 72.00 0.00 88.00 0.00 0.127985
4 38.00 0.00 122.00 0.00 66.00 0.00 94.00 0.00 0.07454
4 62.00 0.00 98.00 0.00 74.00 0.00 86.00 0.00 0.148706
4 50.00 0.00 110.00 0.00 70.00 0.00 90.00 0.00 0.105376
4 68.00 0.00 92.00 0.00 76.00 0.00 84.00 0.00 0.195865
4 44.00 0.00 116.00 0.00 68.00 0.00 92.00 0.00 0.0881383
4 54.00 0.00 108.00 0.00 72.00 0.00 90.00 0.00 0.116715
4 78.00 0.00 84.00 0.00 80.00 0.00 82.00 0.00 0.566433
4 72.00 0.00 90.00 0.00 78.00 0.00 84.00 0.00 0.234854
4 60.00 0.00 102.00 0.00 74.00 0.00 88.00 0.00 0.136855
4 66.00 0.00 96.00 0.00 76.00 0.00 86.00 0.00 0.161239
4 52.00 0.00 112.00 0.00 72.00 0.00 92.00 0.00 0.104942
4 76.00 0.00 88.00 0.00 80.00 0.00 84.00 0.00 0.303001
4 70.00 0.00 94.00 0.00 78.00 0.00 86.00 0.00 0.173931
4 64.00 0.00 100.00 0.00 76.00 0.00 88.00 0.00 0.144226
4 58.00 0.00 106.00 0.00 74.00 0.00 90.00 0.00 0.126254
4 40.00 0.00 124.00 0.00 68.00 0.00 96.00 0.00 0.0734239
4 46.00 0.00 118.00 0.00 70.00 0.00 94.00 0.00 0.090726
4 74.00 0.00 92.00 0.00 80.00 0.00 86.00 0.00 0.192517
4 68.00 0.00 98.00 0.00 78.00 0.00 88.00 0.00 0.158217
4 62.00 0.00 104.00 0.00 76.00 0.00 90.00 0.00 0.133957
4 80.00 0.00 86.00 0.00 82.00 0.00 84.00 0.00 0.689548
4 56.00 0.00 110.00 0.00 74.00 0.00 92.00 0.00 0.114819
4 72.00 0.00 96.00 0.00 80.00 0.00 88.00 0.00 0.16986
4 66.00 0.00 102.00 0.00 78.00 0.00 90.00 0.00 0.142064
4 48.00 0.00 120.00 0.00 72.00 0.00 96.00 0.00 0.0870668
4 60.00 0.00 108.00 0.00 76.00 0.00 92.00 0.00 0.120455
4 42.00 0.00 126.00 0.00 70.00 0.00 98.00 0.00 0.0740638
4 78.00 0.00 90.00 0.00 82.00 0.00 86.00 0.00 0.275046
4 54.00 0.00 114.00 0.00 74.00 0.00 94.00 0.00 0.107265
4 76.00 0.00 94.00 0.00 82.00 0.00 88.00 0.00 0.212986
4 64.00 0.00 106.00 0.00 78.00 0.00 92.00 0.00 0.129868
4 58.00 0.00 112.00 0.00 76.00 0.00 94.00 0.00 0.110575
4 82.00 0.00 88.00 0.00 84.00 0.00 86.00 0.00 0.497051
4 70.00 0.00 100.00 0.00 80.00 0.00 90.00 0.00 0.145053
4 68.00 0.00 104.00 0.00 80.00 0.00 92.00 0.00 0.135313
4 74.00 0.00 98.00 0.00 82.00 0.00 90.00 0.00 0.176218
4 62.00 0.00 110.00 0.00 78.00 0.00 94.00 0.00 0.116733
4 56.00 0.00 116.00 0.00 76.00 0.00 96.00 0.00 0.103846
4 80.00 0.00 92.00 0.00 84.00 0.00 88.00 0.00 0.313293
4 50.00 0.00 122.00 0.00 74.00 0.00 98.00 0.00 0.0861214
4 84.00 0.00 90.00 0.00 86.00 0.00 88.00 0.00 0.676512
4 66.00 0.00 108.00 0.00 80.00 0.00 94.00 0.00 0.121686
4 60.00 0.00 114.00 0.00 78.00 0.00 96.00 0.00 0.108443
4 78.00 0.00 96.00 0.00 84.00 0.00 90.00 0.00 0.223105
4 72.00 0.00 102.00 0.00 82.00 0.00 92.00 0.00 0.151235
4 82.00 0.00 94.00 0.00 86.00 0.00 90.00 0.00 0.35056
4 64.00 0.00 112.00 0.00 80.00 0.00 96.00 0.00 0.111639
4 76.00 0.00 100.00 0.00 84.00 0.00 92.00 0.00 0.17889
4 58.00 0.00 118.00 0.00 78.00 0.00 98.00 0.00 0.101159
4 52.00 0.00 124.00 0.00 76.00 0.00 100.00 0.00 0.0838309
4 70.00 0.00 106.00 0.00 82.00 0.00 94.00 0.00 0.134852
4 86.00 0.00 92.00 0.00 88.00 0.00 90.00 0.00 0.542779
4 62.00 0.00 116.00 0.00 80.00 0.00 98.00 0.00 0.104181
4 74.00 0.00 104.00 0.00 84.00 0.00 94.00 0.00 0.156979
4 80.00 0.00 98.00 0.00 86.00 0.00 92.00 0.00 0.250514
4 68.00 0.00 110.00 0.00 82.00 0.00 96.00 0.00 0.121526
4 78.00 0.00 102.00 0.00 86.00 0.00 94.00 0.00 0.1946
4 84.00 0.00 96.00 0.00 88.00 0.00 92.00 0.00 0.324493
4 72.00 0.00 108.00 0.00 84.00 0.00 96.00 0.00 0.135104
4 60.00 0.00 120.00 0.00 80.00 0.00 100.00 0.00 0.0966237
4 54.00 0.00 126.00 0.00 78.00 0.00 102.00 0.00 0.0830018
4 66.00 0.00 114.00 0.00 82.00 0.00 98.00 0.00 0.113066
4 82.00 0.00 100.00 0.00 88.00 0.00 94.00 0.00 0.229976
4 76.00 0.00 106.00 0.00 86.00 0.00 96.00 0.00 0.167403
4 64.00 0.00 118.00 0.00 82.00 0.00 100.00 0.00 0.10679
4 88.00 0.00 94.00 0.00 90.00 0.00 92.00 0.00 0.56672
4 70.00 0.00 112.00 0.00 84.00 0.00 98.00 0.00 0.121268
4 80.00 0.00 104.00 0.00 88.00 0.00 96.00 0.00 0.198486
4 62.00 0.00 122.00 0.00 82.00 0.00 102.00 0.00 0.0936641
4 68.00 0.00 116.00 0.00 84.00 0.00 100.00 0.00 0.115573
4 74.00 0.00 110.00 0.00 86.00 0.00 98.00 0.00 0.141776
4 86.00 0.00 98.00 0.00 90.00 0.00 94.00 0.00 0.30074
4 90.00 0.00 96.00 0.00 92.00 0.00 94.00 0.00 0.569662
4 84.00 0.00 102.00 0.00 90.00 0.00 96.00 0.00 0.22448
4 72.00 0.00 114.00 0.00 86.00 0.00 100.00 0.00 0.13099
4 78.00 0.00 108.00 0.00 88.00 0.00 98.00 0.00 0.162016
4 66.00 0.00 120.00 0.00 84.00 0.00 102.00 0.00 0.103532
4 88.00 0.00 100.00 0.00 92.00 0.00 96.00 0.00 0.296486
4 76.00 0.00 112.00 0.00 88.00 0.00 100.00 0.00 0.145496
4 82.00 0.00 106.00 0.00 90.00 0.00 98.00 0.00 0.192565
4 70.00 0.00 118.00 0.00 86.00 0.00 102.00 0.00 0.117519
4 64.00 0.00 124.00 0.00 84.00 0.00 104.00 0.00 0.0895085
4 86.00 0.00 104.00 0.00 92.00 0.00 98.00 0.00 0.225575
4 92.00 0.00 98.00 0.00 94.00 0.00 96.00 0.00 0.569914
4 80.00 0.00 110.00 0.00 90.00 0.00 100.00 0.00 0.168335
4 74.00 0.00 116.00 0.00 88.00 0.00 102.00 0.00 0.129245
4 68.00 0.00 122.00 0.00 86.00 0.00 104.00 0.00 0.101339
4 90.00 0.00 102.00 0.00 94.00 0.00 98.00 0.00 0.307235
4 72.00 0.00 120.00 0.00 88.00 0.00 104.00 0.00 0.112084
4 66.00 0.00 126.00 0.00 86.00 0.00 106.00 0.00 0.0927904
4 84.00 0.00 108.00 0.00 92.00 0.00 100.00 0.00 0.193297
4 78.00 0.00 114.00 0.00 90.00 0.00 102.00 0.00 0.144966
4 70.00 0.00 124.00 0.00 88.00 0.00 106.00 0.00 0.0978266
4 76.00 0.00 118.00 0.00 90.00 0.00 104.00 0.00 0.128209
4 88.00 0.00 106.00 0.00 94.00 0.00 100.00 0.00 0.242574
4 94.00 0.00 100.00 0.00 96.00 0.00 98.00 0.00 0.554332
4 82.00 0.00 112.00 0.00 92.00 0.00 102.00 0.00 0.164652
4 92.00 0.00 104.00 0.00 96.00 0.00 100.00 0.00 0.353068
4 74.00 0.00 122.00 0.00 90.00 0.00 106.00 0.00 0.11156
4 86.00 0.00 110.00 0.00 94.00 0.00 102.00 0.00 0.184533
4 80.00 0.00 116.00 0.00 92.00 0.00 104.00 0.00 0.14516
4 90.00 0.00 108.00 0.00 96.00 0.00 102.00 0.00 0.232057
4 72.00 0.00 126.00 0.00 90.00 0.00 108.00 0.00 0.101086
4 84.00 0.00 114.00 0.00 94.00 0.00 104.00 0.00 0.160216
4 96.00 0.00 102.00 0.00 98.00 0.00 100.00 0.00 0.632199
4 78.00 0.00 120.00 0.00 92.00 0.00 106.00 0.00 0.12915
4 88.00 0.00 112.00 0.00 96.00 0.00 104.00 0.00 0.183052
4 94.00 0.00 106.00 0.00 98.00 0.00 102.00 0.00 0.346109
4 76.00 0.00 124.00 0.00 92.00 0.00 108.00 0.00 0.113187
4 82.00 0.00 118.00 0.00 94.00 0.00 106.00 0.00 0.149232
4 80.00 0.00 122.00 0.00 94.00 0.00 108.00 0.00 0.132788
4 86.00 0.00 116.00 0.00 96.00 0.00 106.00 0.00 0.165092
4 98.00 0.00 104.00 0.00 100.00 0.00 102.00 0.00 0.609458
4 92.00 0.00 110.00 0.00 98.00 0.00 104.00 0.00 0.22339
4 84.00 0.00 120.00 0.00 96.00 0.00 108.00 0.00 0.151731
4 78.00 0.00 126.00 0.00 94.00 0.00 110.00 0.00 0.114065
4 96.00 0.00 108.00 0.00 100.00 0.00 104.00 0.00 0.284954
4 90.00 0.00 114.00 0.00 98.00 0.00 106.00 0.00 0.196335
4 82.00 0.00 124.00 0.00 96.00 0.00 110.00 0.00 0.127519
4 100.00 0.00 106.00 0.00 102.00 0.00 104.00 0.00 0.59555
4 94.00 0.00 112.00 0.00 100.00 0.00 106.00 0.00 0.2299
4 88.00 0.00 118.00 0.00 98.00 0.00 108.00 0.00 0.179619
4 98.00 0.00 110.00 0.00 102.00 0.00 106.00 0.00 0.323963
4 92.00 0.00 116.00 0.00 100.00 0.00 108.00 0.00 0.20791
4 86.00 0.00 122.00 0.00 98.00 0.00 110.00 0.00 0.145514
4 102.00 0.00 108.00 0.00 104.00 0.00 106.00 0.00 0.715493
4 96.00 0.00 114.00 0.00 102.00 0.00 108.00 0.00 0.260149
4 90.00 0.00 120.00 0.00 100.00 0.00 110.00 0.00 0.172444
4 84.00 0.00 126.00 0.00 98.00 0.00 112.00 0.00 0.126374
4 100.00 0.00 112.00 0.00 104.00 0.00 108.00 0.00 0.413081
4 88.00 0.00 124.00 0.00 100.00 0.00 112.00 0.00 0.137539
4 94.00 0.00 118.00 0.00 102.00 0.00 110.00 0.00 0.216855
4 98.00 0.00 116.00 0.00 104.00 0.00 110.00 0.00 0.284374
4 92.00 0.00 122.00 0.00 102.00 0.00 112.00 0.00 0.168876
4 104.00 0.00 110.00 0.00 106.00 0.00 108.00 0.00 0.774851
4 96.00 0.00 120.00 0.00 104.00 0.00 112.00 0.00 0.217553
4 90.00 0.00 126.00 0.00 102.00 0.00 114.00 0.00 0.137898
4 102.00 0.00 114.00 0.00 106.00 0.00 110.00 0.00 0.406546
4 94.00 0.00 124.00 0.00 104.00 0.00 114.00 0.00 0.165043
4 100.00 0.00 118.00 0.00 106.00 0.00 112.00 0.00 0.286674
4 106.00 0.00 112.00 0.00 108.00 0.00 110.00 0.00 0.728189
4 98.00 0.00 122.00 0.00 106.00 0.00 114.00 0.00 0.203524
4 104.00 0.00 116.00 0.00 108.00 0.00 112.00 0.00 0.361684
4 108.00 0.00 114.00 0.00 110.00 0.00 112.00 0.00 0.761962
4 102.00 0.00 120.00 0.00 108.00 0.00 114.00 0.00 0.249108
4 96.00 0.00 126.00 0.00 106.00 0.00 116.00 0.00 0.159261
4 106.00 0.00 118.00 0.00 110.00 0.00 114.00 0.00 0.366826
4 100.00 0.00 124.00 0.00 108.00 0.00 116.00 0.00 0.182113
4 104.00 0.00 122.00 0.00 110.00 0.00 116.00 0.00 0.227754
4 110.00 0.00 116.00 0.00 112.00 0.00 114.00 0.00 0.754599
4 102.00 0.00 126.00 0.00 110.00 0.00 118.00 0.00 0.178856
4 108.00 0.00 120.00 0.00 112.00 0.00 116.00 0.00 0.361841
4 106.00 0.00 124.00 0.00 112.00 0.00 118.00 0.00 0.221635
4 112.00 0.00 118.00 0.00 114.00 0.00 116.00 0.00 0.694908
4 110.00 0.00 122.00 0.00 114.00 0.00 118.00 0.00 0.361358
4 108.00 0.00 126.00 0.00 114.00 0.00 120.00 0.00 0.271168
4 114.00 0.00 120.00 0.00 116.00 0.00 118.00 0.00 0.685354
4 112.00 0.00 124.00 0.00 116.00 0.00 120.00 0.00 0.397868
4 116.00 0.00 122.00 0.00 118.00 0.00 120.00 0.00 0.849727
4 114.00 0.00 126.00 0.00 118.00 0.00 122.00 0.00 0.41395
4 118.00 0.00 124.00 0.00 120.00 0.00 122.00 0.00 0.611892
4 120.00 0.00 126.00 0.00 122.00 0.00 124.00 0.00 0.829237
0
0
0
0
0