Project17 ALL64_1
2.00
11
11
Type of measurement (0=app.resistivity,1=resistance)
1
1443
2
0
4 0.00 0.00 2.00 0.00 6.00 0.00 4.00 0.00 0.16732
4 0.00 0.00 2.00 0.00 8.00 0.00 6.00 0.00 0.0380934
4 0.00 0.00 2.00 0.00 10.00 0.00 8.00 0.00 0.0122676
4 2.00 0.00 4.00 0.00 8.00 0.00 6.00 0.00 0.183952
4 0.00 0.00 2.00 0.00 12.00 0.00 10.00 0.00 0.00595664
4 2.00 0.00 4.00 0.00 10.00 0.00 8.00 0.00 0.0372549
4 0.00 0.00 2.00 0.00 14.00 0.00 12.00 0.00 0.00301555
4 2.00 0.00 4.00 0.00 12.00 0.00 10.00 0.00 0.013778
4 4.00 0.00 6.00 0.00 10.00 0.00 8.00 0.00 0.216414
4 0.00 0.00 2.00 0.00 16.00 0.00 14.00 0.00 0.00174499
4 2.00 0.00 4.00 0.00 14.00 0.00 12.00 0.00 0.00542056
4 4.00 0.00 6.00 0.00 12.00 0.00 10.00 0.00 0.0491192
4 2.00 0.00 4.00 0.00 16.00 0.00 14.00 0.00 0.00270072
4 4.00 0.00 6.00 0.00 14.00 0.00 12.00 0.00 0.0141108
4 6.00 0.00 8.00 0.00 12.00 0.00 10.00 0.00 0.239546
4 2.00 0.00 4.00 0.00 18.00 0.00 16.00 0.00 0.00220284
4 4.00 0.00 6.00 0.00 16.00 0.00 14.00 0.00 0.00563025
4 6.00 0.00 8.00 0.00 14.00 0.00 12.00 0.00 0.0437044
4 0.00 0.00 4.00 0.00 20.00 0.00 16.00 0.00 0.00630894
4 4.00 0.00 6.00 0.00 18.00 0.00 16.00 0.00 0.00384165
4 6.00 0.00 8.00 0.00 16.00 0.00 14.00 0.00 0.0138336
4 8.00 0.00 10.00 0.00 14.00 0.00 12.00 0.00 0.179138
4 0.00 0.00 6.00 0.00 24.00 0.00 18.00 0.00 0.010648
4 8.00 0.00 10.00 0.00 16.00 0.00 14.00 0.00 0.0353326
4 2.00 0.00 6.00 0.00 22.00 0.00 18.00 0.00 0.00618056
4 4.00 0.00 6.00 0.00 20.00 0.00 18.00 0.00 0.0021922
4 0.00 0.00 4.00 0.00 24.00 0.00 20.00 0.00 0.00323547
4 6.00 0.00 8.00 0.00 18.00 0.00 16.00 0.00 0.0078465
4 8.00 0.00 10.00 0.00 18.00 0.00 16.00 0.00 0.0155913
4 10.00 0.00 12.00 0.00 16.00 0.00 14.00 0.00 0.188998
4 6.00 0.00 8.00 0.00 20.00 0.00 18.00 0.00 0.00390958
4 4.00 0.00 8.00 0.00 24.00 0.00 20.00 0.00 0.00684452
4 8.00 0.00 10.00 0.00 20.00 0.00 18.00 0.00 0.00621942
4 2.00 0.00 6.00 0.00 26.00 0.00 22.00 0.00 0.00357115
4 0.00 0.00 4.00 0.00 28.00 0.00 24.00 0.00 0.00203288
4 2.00 0.00 8.00 0.00 26.00 0.00 20.00 0.00 0.0116567
4 10.00 0.00 12.00 0.00 18.00 0.00 16.00 0.00 0.0535923
4 6.00 0.00 8.00 0.00 22.00 0.00 20.00 0.00 0.00250481
4 8.00 0.00 10.00 0.00 22.00 0.00 20.00 0.00 0.00348157
4 12.00 0.00 14.00 0.00 18.00 0.00 16.00 0.00 0.255739
4 10.00 0.00 12.00 0.00 20.00 0.00 18.00 0.00 0.0157993
4 4.00 0.00 8.00 0.00 28.00 0.00 24.00 0.00 0.00397023
4 12.00 0.00 14.00 0.00 20.00 0.00 18.00 0.00 0.0466931
4 2.00 0.00 6.00 0.00 30.00 0.00 26.00 0.00 0.0021201
4 0.00 0.00 4.00 0.00 32.00 0.00 28.00 0.00 0.00151795
4 4.00 0.00 10.00 0.00 28.00 0.00 22.00 0.00 0.0117364
4 10.00 0.00 12.00 0.00 22.00 0.00 20.00 0.00 0.00728722
4 8.00 0.00 10.00 0.00 24.00 0.00 22.00 0.00 0.00213339
4 6.00 0.00 10.00 0.00 26.00 0.00 22.00 0.00 0.00669631
4 14.00 0.00 16.00 0.00 20.00 0.00 18.00 0.00 0.159834
4 10.00 0.00 12.00 0.00 24.00 0.00 22.00 0.00 0.00385952
4 12.00 0.00 14.00 0.00 22.00 0.00 20.00 0.00 0.0165069
4 14.00 0.00 16.00 0.00 22.00 0.00 20.00 0.00 0.039183
4 12.00 0.00 14.00 0.00 24.00 0.00 22.00 0.00 0.00678251
4 0.00 0.00 6.00 0.00 36.00 0.00 30.00 0.00 0.00298735
4 10.00 0.00 12.00 0.00 26.00 0.00 24.00 0.00 0.00249383
4 6.00 0.00 10.00 0.00 30.00 0.00 26.00 0.00 0.0040304
4 8.00 0.00 12.00 0.00 28.00 0.00 24.00 0.00 0.00705987
4 4.00 0.00 8.00 0.00 32.00 0.00 28.00 0.00 0.00254576
4 2.00 0.00 6.00 0.00 34.00 0.00 30.00 0.00 0.00148502
4 6.00 0.00 12.00 0.00 30.00 0.00 24.00 0.00 0.0124581
4 16.00 0.00 18.00 0.00 22.00 0.00 20.00 0.00 0.217251
4 14.00 0.00 16.00 0.00 24.00 0.00 22.00 0.00 0.0128718
4 12.00 0.00 14.00 0.00 26.00 0.00 24.00 0.00 0.00363414
4 10.00 0.00 14.00 0.00 30.00 0.00 26.00 0.00 0.007172
4 8.00 0.00 12.00 0.00 32.00 0.00 28.00 0.00 0.00397122
4 8.00 0.00 14.00 0.00 32.00 0.00 26.00 0.00 0.0122307
4 6.00 0.00 10.00 0.00 34.00 0.00 30.00 0.00 0.00236657
4 4.00 0.00 8.00 0.00 36.00 0.00 32.00 0.00 0.0017335
4 0.00 0.00 8.00 0.00 40.00 0.00 32.00 0.00 0.00523415
4 2.00 0.00 8.00 0.00 38.00 0.00 32.00 0.00 0.00333508
4 16.00 0.00 18.00 0.00 24.00 0.00 22.00 0.00 0.0452988
4 12.00 0.00 14.00 0.00 28.00 0.00 26.00 0.00 0.00238325
4 14.00 0.00 16.00 0.00 26.00 0.00 24.00 0.00 0.005744
4 16.00 0.00 18.00 0.00 26.00 0.00 24.00 0.00 0.0156416
4 14.00 0.00 16.00 0.00 28.00 0.00 26.00 0.00 0.00326548
4 18.00 0.00 20.00 0.00 24.00 0.00 22.00 0.00 0.195823
4 0.00 0.00 6.00 0.00 42.00 0.00 36.00 0.00 0.00234149
4 8.00 0.00 12.00 0.00 36.00 0.00 32.00 0.00 0.00254976
4 6.00 0.00 10.00 0.00 38.00 0.00 34.00 0.00 0.00196355
4 10.00 0.00 16.00 0.00 34.00 0.00 28.00 0.00 0.0107855
4 2.00 0.00 10.00 0.00 42.00 0.00 34.00 0.00 0.00602955
4 16.00 0.00 18.00 0.00 28.00 0.00 26.00 0.00 0.00711165
4 14.00 0.00 16.00 0.00 30.00 0.00 28.00 0.00 0.0019324
4 18.00 0.00 20.00 0.00 26.00 0.00 24.00 0.00 0.0464486
4 12.00 0.00 16.00 0.00 32.00 0.00 28.00 0.00 0.00603987
4 4.00 0.00 10.00 0.00 40.00 0.00 34.00 0.00 0.0038101
4 10.00 0.00 14.00 0.00 34.00 0.00 30.00 0.00 0.00368619
4 20.00 0.00 22.00 0.00 26.00 0.00 24.00 0.00 0.207479
4 18.00 0.00 20.00 0.00 28.00 0.00 26.00 0.00 0.0153999
4 2.00 0.00 8.00 0.00 44.00 0.00 38.00 0.00 0.00259512
4 16.00 0.00 18.00 0.00 30.00 0.00 28.00 0.00 0.00360668
4 16.00 0.00 18.00 0.00 32.00 0.00 30.00 0.00 0.00226429
4 8.00 0.00 12.00 0.00 40.00 0.00 36.00 0.00 0.00205986
4 18.00 0.00 20.00 0.00 30.00 0.00 28.00 0.00 0.00603491
4 0.00 0.00 6.00 0.00 48.00 0.00 42.00 0.00 0.00130338
4 20.00 0.00 22.00 0.00 28.00 0.00 26.00 0.00 0.0458893
4 12.00 0.00 16.00 0.00 36.00 0.00 32.00 0.00 0.00340603
4 14.00 0.00 18.00 0.00 34.00 0.00 30.00 0.00 0.00588318
4 10.00 0.00 14.00 0.00 38.00 0.00 34.00 0.00 0.00285836
4 6.00 0.00 12.00 0.00 42.00 0.00 36.00 0.00 0.0043054
4 0.00 0.00 8.00 0.00 48.00 0.00 40.00 0.00 0.00319258
4 12.00 0.00 18.00 0.00 36.00 0.00 30.00 0.00 0.0110231
4 4.00 0.00 12.00 0.00 44.00 0.00 36.00 0.00 0.00636564
4 22.00 0.00 24.00 0.00 28.00 0.00 26.00 0.00 0.212959
4 4.00 0.00 10.00 0.00 46.00 0.00 40.00 0.00 0.00250063
4 20.00 0.00 22.00 0.00 30.00 0.00 28.00 0.00 0.0133725
4 18.00 0.00 20.00 0.00 32.00 0.00 30.00 0.00 0.00322936
4 12.00 0.00 16.00 0.00 40.00 0.00 36.00 0.00 0.00253424
4 10.00 0.00 14.00 0.00 42.00 0.00 38.00 0.00 0.00228409
4 20.00 0.00 22.00 0.00 32.00 0.00 30.00 0.00 0.0055819
4 2.00 0.00 8.00 0.00 50.00 0.00 44.00 0.00 0.00149203
4 8.00 0.00 14.00 0.00 44.00 0.00 38.00 0.00 0.00413836
4 14.00 0.00 18.00 0.00 38.00 0.00 34.00 0.00 0.00403212
4 18.00 0.00 20.00 0.00 34.00 0.00 32.00 0.00 0.00182954
4 2.00 0.00 10.00 0.00 50.00 0.00 42.00 0.00 0.00304395
4 14.00 0.00 20.00 0.00 38.00 0.00 32.00 0.00 0.011114
4 22.00 0.00 24.00 0.00 30.00 0.00 28.00 0.00 0.0382953
4 6.00 0.00 14.00 0.00 46.00 0.00 38.00 0.00 0.00628058
4 16.00 0.00 20.00 0.00 36.00 0.00 32.00 0.00 0.00635209
4 22.00 0.00 24.00 0.00 32.00 0.00 30.00 0.00 0.0118792
4 6.00 0.00 12.00 0.00 48.00 0.00 42.00 0.00 0.0022851
4 20.00 0.00 22.00 0.00 34.00 0.00 32.00 0.00 0.00274649
4 24.00 0.00 26.00 0.00 30.00 0.00 28.00 0.00 0.182773
4 16.00 0.00 20.00 0.00 40.00 0.00 36.00 0.00 0.0042387
4 18.00 0.00 22.00 0.00 38.00 0.00 34.00 0.00 0.00690994
4 4.00 0.00 12.00 0.00 52.00 0.00 44.00 0.00 0.00321013
4 0.00 0.00 8.00 0.00 56.00 0.00 48.00 0.00 0.00197586
4 24.00 0.00 26.00 0.00 32.00 0.00 30.00 0.00 0.0354571
4 12.00 0.00 16.00 0.00 44.00 0.00 40.00 0.00 0.00188664
4 22.00 0.00 24.00 0.00 34.00 0.00 32.00 0.00 0.00481082
4 16.00 0.00 22.00 0.00 40.00 0.00 34.00 0.00 0.0126153
4 10.00 0.00 16.00 0.00 46.00 0.00 40.00 0.00 0.0037161
4 14.00 0.00 18.00 0.00 42.00 0.00 38.00 0.00 0.00296644
4 4.00 0.00 10.00 0.00 52.00 0.00 46.00 0.00 0.00152971
4 20.00 0.00 22.00 0.00 36.00 0.00 34.00 0.00 0.00236631
4 8.00 0.00 16.00 0.00 48.00 0.00 40.00 0.00 0.00549246
4 8.00 0.00 14.00 0.00 50.00 0.00 44.00 0.00 0.0022079
4 24.00 0.00 26.00 0.00 34.00 0.00 32.00 0.00 0.01144
4 22.00 0.00 24.00 0.00 36.00 0.00 34.00 0.00 0.00361467
4 26.00 0.00 28.00 0.00 32.00 0.00 30.00 0.00 0.178295
4 12.00 0.00 18.00 0.00 48.00 0.00 42.00 0.00 0.00307425
4 22.00 0.00 24.00 0.00 38.00 0.00 36.00 0.00 0.00218604
4 20.00 0.00 24.00 0.00 40.00 0.00 36.00 0.00 0.00679208
4 26.00 0.00 28.00 0.00 34.00 0.00 32.00 0.00 0.0368196
4 6.00 0.00 12.00 0.00 54.00 0.00 48.00 0.00 0.00178578
4 16.00 0.00 20.00 0.00 44.00 0.00 40.00 0.00 0.00296867
4 10.00 0.00 18.00 0.00 50.00 0.00 42.00 0.00 0.00522671
4 18.00 0.00 22.00 0.00 42.00 0.00 38.00 0.00 0.00444697
4 18.00 0.00 24.00 0.00 42.00 0.00 36.00 0.00 0.0125707
4 6.00 0.00 14.00 0.00 54.00 0.00 46.00 0.00 0.00324784
4 24.00 0.00 26.00 0.00 36.00 0.00 34.00 0.00 0.00702014
4 14.00 0.00 18.00 0.00 46.00 0.00 42.00 0.00 0.00163227
4 2.00 0.00 10.00 0.00 58.00 0.00 50.00 0.00 0.0018776
4 24.00 0.00 26.00 0.00 38.00 0.00 36.00 0.00 0.00365388
4 28.00 0.00 30.00 0.00 34.00 0.00 32.00 0.00 0.184742
4 10.00 0.00 16.00 0.00 52.00 0.00 46.00 0.00 0.00213521
4 26.00 0.00 28.00 0.00 36.00 0.00 34.00 0.00 0.0176312
4 4.00 0.00 12.00 0.00 60.00 0.00 52.00 0.00 0.00204552
4 24.00 0.00 26.00 0.00 40.00 0.00 38.00 0.00 0.00252433
4 26.00 0.00 28.00 0.00 38.00 0.00 36.00 0.00 0.00732263
4 8.00 0.00 14.00 0.00 56.00 0.00 50.00 0.00 0.00150523
4 0.00 0.00 8.00 0.00 64.00 0.00 56.00 0.00 0.00143102
4 8.00 0.00 16.00 0.00 56.00 0.00 48.00 0.00 0.00310166
4 16.00 0.00 20.00 0.00 48.00 0.00 44.00 0.00 0.00154251
4 20.00 0.00 26.00 0.00 44.00 0.00 38.00 0.00 0.0126238
4 12.00 0.00 20.00 0.00 52.00 0.00 44.00 0.00 0.0049317
4 22.00 0.00 26.00 0.00 42.00 0.00 38.00 0.00 0.00761839
4 28.00 0.00 30.00 0.00 36.00 0.00 34.00 0.00 0.0549445
4 20.00 0.00 24.00 0.00 44.00 0.00 40.00 0.00 0.0041268
4 14.00 0.00 20.00 0.00 50.00 0.00 44.00 0.00 0.00313233
4 18.00 0.00 22.00 0.00 46.00 0.00 42.00 0.00 0.00229154
4 26.00 0.00 28.00 0.00 40.00 0.00 38.00 0.00 0.0043598
4 28.00 0.00 30.00 0.00 38.00 0.00 36.00 0.00 0.0167867
4 12.00 0.00 18.00 0.00 54.00 0.00 48.00 0.00 0.00226783
4 30.00 0.00 32.00 0.00 36.00 0.00 34.00 0.00 0.314452
4 28.00 0.00 30.00 0.00 40.00 0.00 38.00 0.00 0.00787615
4 30.00 0.00 32.00 0.00 38.00 0.00 36.00 0.00 0.0560487
4 10.00 0.00 18.00 0.00 58.00 0.00 50.00 0.00 0.00296017
4 16.00 0.00 22.00 0.00 52.00 0.00 46.00 0.00 0.00324008
4 22.00 0.00 26.00 0.00 46.00 0.00 42.00 0.00 0.00342405
4 22.00 0.00 28.00 0.00 46.00 0.00 40.00 0.00 0.012735
4 20.00 0.00 24.00 0.00 48.00 0.00 44.00 0.00 0.00198579
4 18.00 0.00 22.00 0.00 50.00 0.00 46.00 0.00 0.0016123
4 6.00 0.00 14.00 0.00 62.00 0.00 54.00 0.00 0.0021314
4 24.00 0.00 28.00 0.00 44.00 0.00 40.00 0.00 0.00790838
4 10.00 0.00 16.00 0.00 58.00 0.00 52.00 0.00 0.00141082
4 2.00 0.00 10.00 0.00 66.00 0.00 58.00 0.00 0.00147429
4 14.00 0.00 22.00 0.00 54.00 0.00 46.00 0.00 0.00496291
4 26.00 0.00 28.00 0.00 42.00 0.00 40.00 0.00 0.00309335
4 14.00 0.00 20.00 0.00 56.00 0.00 50.00 0.00 0.00201883
4 32.00 0.00 34.00 0.00 38.00 0.00 36.00 0.00 0.204461
4 30.00 0.00 32.00 0.00 40.00 0.00 38.00 0.00 0.0192782
4 28.00 0.00 30.00 0.00 42.00 0.00 40.00 0.00 0.00469473
4 4.00 0.00 12.00 0.00 68.00 0.00 60.00 0.00 0.00160625
4 16.00 0.00 24.00 0.00 56.00 0.00 48.00 0.00 0.00511204
4 20.00 0.00 24.00 0.00 52.00 0.00 48.00 0.00 0.00169824
4 24.00 0.00 28.00 0.00 48.00 0.00 44.00 0.00 0.00332384
4 28.00 0.00 30.00 0.00 44.00 0.00 42.00 0.00 0.00228463
4 8.00 0.00 16.00 0.00 64.00 0.00 56.00 0.00 0.00201952
4 12.00 0.00 20.00 0.00 60.00 0.00 52.00 0.00 0.00280244
4 18.00 0.00 24.00 0.00 54.00 0.00 48.00 0.00 0.00331443
4 24.00 0.00 30.00 0.00 48.00 0.00 42.00 0.00 0.0108515
4 32.00 0.00 34.00 0.00 40.00 0.00 38.00 0.00 0.0455628
4 22.00 0.00 26.00 0.00 50.00 0.00 46.00 0.00 0.00222546
4 12.00 0.00 18.00 0.00 60.00 0.00 54.00 0.00 0.00130607
4 26.00 0.00 30.00 0.00 46.00 0.00 42.00 0.00 0.00654625
4 30.00 0.00 32.00 0.00 42.00 0.00 40.00 0.00 0.00867555
4 16.00 0.00 22.00 0.00 58.00 0.00 52.00 0.00 0.00203269
4 30.00 0.00 32.00 0.00 44.00 0.00 42.00 0.00 0.00353763
4 34.00 0.00 36.00 0.00 40.00 0.00 38.00 0.00 0.343222
4 32.00 0.00 34.00 0.00 42.00 0.00 40.00 0.00 0.0150684
4 10.00 0.00 18.00 0.00 66.00 0.00 58.00 0.00 0.00216781
4 20.00 0.00 26.00 0.00 56.00 0.00 50.00 0.00 0.00297677
4 24.00 0.00 28.00 0.00 52.00 0.00 48.00 0.00 0.00263015
4 32.00 0.00 34.00 0.00 44.00 0.00 42.00 0.00 0.00481219
4 28.00 0.00 32.00 0.00 48.00 0.00 44.00 0.00 0.0058077
4 22.00 0.00 26.00 0.00 54.00 0.00 50.00 0.00 0.00157871
4 18.00 0.00 26.00 0.00 58.00 0.00 50.00 0.00 0.00465725
4 26.00 0.00 30.00 0.00 50.00 0.00 46.00 0.00 0.00374288
4 30.00 0.00 32.00 0.00 46.00 0.00 44.00 0.00 0.00205149
4 14.00 0.00 20.00 0.00 62.00 0.00 56.00 0.00 0.00155671
4 14.00 0.00 22.00 0.00 62.00 0.00 54.00 0.00 0.00295999
4 6.00 0.00 14.00 0.00 70.00 0.00 62.00 0.00 0.00135156
4 26.00 0.00 32.00 0.00 50.00 0.00 44.00 0.00 0.011083
4 34.00 0.00 36.00 0.00 42.00 0.00 40.00 0.00 0.0640843
4 34.00 0.00 36.00 0.00 44.00 0.00 42.00 0.00 0.0139109
4 18.00 0.00 24.00 0.00 60.00 0.00 54.00 0.00 0.00188612
4 32.00 0.00 34.00 0.00 46.00 0.00 44.00 0.00 0.00244006
4 36.00 0.00 38.00 0.00 42.00 0.00 40.00 0.00 0.353593
4 28.00 0.00 32.00 0.00 52.00 0.00 48.00 0.00 0.00415573
4 32.00 0.00 34.00 0.00 48.00 0.00 46.00 0.00 0.00143899
4 36.00 0.00 38.00 0.00 44.00 0.00 42.00 0.00 0.0425171
4 16.00 0.00 24.00 0.00 64.00 0.00 56.00 0.00 0.00309901
4 28.00 0.00 34.00 0.00 52.00 0.00 46.00 0.00 0.0102235
4 8.00 0.00 16.00 0.00 72.00 0.00 64.00 0.00 0.00115628
4 22.00 0.00 28.00 0.00 58.00 0.00 52.00 0.00 0.00307369
4 26.00 0.00 30.00 0.00 54.00 0.00 50.00 0.00 0.00249377
4 12.00 0.00 20.00 0.00 68.00 0.00 60.00 0.00 0.00202115
4 20.00 0.00 28.00 0.00 60.00 0.00 52.00 0.00 0.00478417
4 30.00 0.00 34.00 0.00 50.00 0.00 46.00 0.00 0.00558954
4 34.00 0.00 36.00 0.00 46.00 0.00 44.00 0.00 0.00546767
4 24.00 0.00 28.00 0.00 56.00 0.00 52.00 0.00 0.00162303
4 16.00 0.00 22.00 0.00 64.00 0.00 58.00 0.00 0.0016246
4 38.00 0.00 40.00 0.00 44.00 0.00 42.00 0.00 0.37343
4 36.00 0.00 38.00 0.00 46.00 0.00 44.00 0.00 0.0114754
4 20.00 0.00 26.00 0.00 62.00 0.00 56.00 0.00 0.00217559
4 34.00 0.00 36.00 0.00 48.00 0.00 46.00 0.00 0.00280755
4 10.00 0.00 18.00 0.00 74.00 0.00 66.00 0.00 0.00116042
4 14.00 0.00 22.00 0.00 70.00 0.00 62.00 0.00 0.00174401
4 22.00 0.00 30.00 0.00 62.00 0.00 54.00 0.00 0.00514952
4 26.00 0.00 30.00 0.00 58.00 0.00 54.00 0.00 0.00159816
4 24.00 0.00 30.00 0.00 60.00 0.00 54.00 0.00 0.00312091
4 30.00 0.00 34.00 0.00 54.00 0.00 50.00 0.00 0.00337542
4 34.00 0.00 36.00 0.00 50.00 0.00 48.00 0.00 0.0025956
4 18.00 0.00 26.00 0.00 66.00 0.00 58.00 0.00 0.00311377
4 30.00 0.00 36.00 0.00 54.00 0.00 48.00 0.00 0.0116614
4 28.00 0.00 32.00 0.00 56.00 0.00 52.00 0.00 0.00236664
4 18.00 0.00 24.00 0.00 66.00 0.00 60.00 0.00 0.00159916
4 32.00 0.00 36.00 0.00 52.00 0.00 48.00 0.00 0.00655916
4 36.00 0.00 38.00 0.00 48.00 0.00 46.00 0.00 0.00452613
4 38.00 0.00 40.00 0.00 46.00 0.00 44.00 0.00 0.0544819
4 22.00 0.00 28.00 0.00 64.00 0.00 58.00 0.00 0.0023574
4 36.00 0.00 38.00 0.00 50.00 0.00 48.00 0.00 0.00353022
4 38.00 0.00 40.00 0.00 48.00 0.00 46.00 0.00 0.0143238
4 40.00 0.00 42.00 0.00 46.00 0.00 44.00 0.00 0.469541
4 28.00 0.00 32.00 0.00 60.00 0.00 56.00 0.00 0.00178889
4 30.00 0.00 34.00 0.00 58.00 0.00 54.00 0.00 0.00205154
4 40.00 0.00 42.00 0.00 48.00 0.00 46.00 0.00 0.0756211
4 12.00 0.00 20.00 0.00 76.00 0.00 68.00 0.00 0.00110802
4 16.00 0.00 24.00 0.00 72.00 0.00 64.00 0.00 0.00169273
4 24.00 0.00 32.00 0.00 64.00 0.00 56.00 0.00 0.00554424
4 34.00 0.00 38.00 0.00 54.00 0.00 50.00 0.00 0.00636778
4 20.00 0.00 26.00 0.00 68.00 0.00 62.00 0.00 0.00134144
4 36.00 0.00 38.00 0.00 52.00 0.00 50.00 0.00 0.00197215
4 38.00 0.00 40.00 0.00 50.00 0.00 48.00 0.00 0.00795333
4 26.00 0.00 32.00 0.00 62.00 0.00 56.00 0.00 0.00366185
4 32.00 0.00 36.00 0.00 56.00 0.00 52.00 0.00 0.00345103
4 20.00 0.00 28.00 0.00 68.00 0.00 60.00 0.00 0.0031488
4 32.00 0.00 38.00 0.00 56.00 0.00 50.00 0.00 0.0104681
4 24.00 0.00 30.00 0.00 66.00 0.00 60.00 0.00 0.00246085
4 42.00 0.00 44.00 0.00 48.00 0.00 46.00 0.00 0.337537
4 38.00 0.00 40.00 0.00 52.00 0.00 50.00 0.00 0.0036892
4 40.00 0.00 42.00 0.00 50.00 0.00 48.00 0.00 0.0278242
4 28.00 0.00 34.00 0.00 64.00 0.00 58.00 0.00 0.00349383
4 32.00 0.00 36.00 0.00 60.00 0.00 56.00 0.00 0.00226031
4 34.00 0.00 38.00 0.00 58.00 0.00 54.00 0.00 0.00351991
4 22.00 0.00 30.00 0.00 70.00 0.00 62.00 0.00 0.00280298
4 36.00 0.00 40.00 0.00 56.00 0.00 52.00 0.00 0.00663071
4 42.00 0.00 44.00 0.00 50.00 0.00 48.00 0.00 0.0801918
4 38.00 0.00 40.00 0.00 54.00 0.00 52.00 0.00 0.00257783
4 14.00 0.00 22.00 0.00 78.00 0.00 70.00 0.00 0.00113699
4 30.00 0.00 34.00 0.00 62.00 0.00 58.00 0.00 0.00186552
4 18.00 0.00 26.00 0.00 74.00 0.00 66.00 0.00 0.00155032
4 34.00 0.00 40.00 0.00 58.00 0.00 52.00 0.00 0.0117232
4 26.00 0.00 34.00 0.00 66.00 0.00 58.00 0.00 0.00544688
4 22.00 0.00 28.00 0.00 70.00 0.00 64.00 0.00 0.00130082
4 40.00 0.00 42.00 0.00 52.00 0.00 50.00 0.00 0.00879935
4 40.00 0.00 42.00 0.00 54.00 0.00 52.00 0.00 0.0047902
4 26.00 0.00 32.00 0.00 68.00 0.00 62.00 0.00 0.0021101
4 44.00 0.00 46.00 0.00 50.00 0.00 48.00 0.00 0.31296
4 42.00 0.00 44.00 0.00 52.00 0.00 50.00 0.00 0.0184568
4 42.00 0.00 44.00 0.00 54.00 0.00 52.00 0.00 0.0077007
4 30.00 0.00 36.00 0.00 66.00 0.00 60.00 0.00 0.0038029
4 16.00 0.00 24.00 0.00 80.00 0.00 72.00 0.00 0.00131007
4 34.00 0.00 38.00 0.00 62.00 0.00 58.00 0.00 0.00291782
4 20.00 0.00 28.00 0.00 76.00 0.00 68.00 0.00 0.00166399
4 24.00 0.00 30.00 0.00 72.00 0.00 66.00 0.00 0.00122916
4 36.00 0.00 40.00 0.00 60.00 0.00 56.00 0.00 0.00411979
4 24.00 0.00 32.00 0.00 72.00 0.00 64.00 0.00 0.00265989
4 32.00 0.00 36.00 0.00 64.00 0.00 60.00 0.00 0.00202724
4 38.00 0.00 42.00 0.00 58.00 0.00 54.00 0.00 0.00766658
4 40.00 0.00 42.00 0.00 56.00 0.00 54.00 0.00 0.00258357
4 36.00 0.00 42.00 0.00 60.00 0.00 54.00 0.00 0.0130226
4 28.00 0.00 36.00 0.00 68.00 0.00 60.00 0.00 0.00560313
4 44.00 0.00 46.00 0.00 52.00 0.00 50.00 0.00 0.0491925
4 44.00 0.00 46.00 0.00 54.00 0.00 52.00 0.00 0.0154915
4 42.00 0.00 44.00 0.00 56.00 0.00 54.00 0.00 0.00353181
4 46.00 0.00 48.00 0.00 52.00 0.00 50.00 0.00 0.206196
4 28.00 0.00 34.00 0.00 70.00 0.00 64.00 0.00 0.00186653
4 40.00 0.00 44.00 0.00 60.00 0.00 56.00 0.00 0.00802938
4 46.00 0.00 48.00 0.00 54.00 0.00 52.00 0.00 0.040142
4 32.00 0.00 38.00 0.00 68.00 0.00 62.00 0.00 0.00312473
4 22.00 0.00 30.00 0.00 78.00 0.00 70.00 0.00 0.00170855
4 26.00 0.00 32.00 0.00 74.00 0.00 68.00 0.00 0.00128135
4 44.00 0.00 46.00 0.00 56.00 0.00 54.00 0.00 0.00568358
4 38.00 0.00 42.00 0.00 62.00 0.00 58.00 0.00 0.00553279
4 34.00 0.00 38.00 0.00 66.00 0.00 62.00 0.00 0.00179377
4 36.00 0.00 40.00 0.00 64.00 0.00 60.00 0.00 0.0031521
4 18.00 0.00 26.00 0.00 82.00 0.00 74.00 0.00 0.00124908
4 42.00 0.00 44.00 0.00 58.00 0.00 56.00 0.00 0.00253833
4 26.00 0.00 34.00 0.00 74.00 0.00 66.00 0.00 0.00246653
4 38.00 0.00 44.00 0.00 62.00 0.00 56.00 0.00 0.0152068
4 30.00 0.00 38.00 0.00 70.00 0.00 62.00 0.00 0.00474961
4 30.00 0.00 36.00 0.00 72.00 0.00 66.00 0.00 0.0017579
4 48.00 0.00 50.00 0.00 54.00 0.00 52.00 0.00 0.311442
4 46.00 0.00 48.00 0.00 56.00 0.00 54.00 0.00 0.0110143
4 44.00 0.00 46.00 0.00 58.00 0.00 56.00 0.00 0.00357722
4 40.00 0.00 46.00 0.00 64.00 0.00 58.00 0.00 0.0145681
4 28.00 0.00 36.00 0.00 76.00 0.00 68.00 0.00 0.0026541
4 34.00 0.00 40.00 0.00 70.00 0.00 64.00 0.00 0.0033687
4 38.00 0.00 42.00 0.00 66.00 0.00 62.00 0.00 0.0030875
4 20.00 0.00 28.00 0.00 84.00 0.00 76.00 0.00 0.0012053
4 42.00 0.00 46.00 0.00 62.00 0.00 58.00 0.00 0.00830389
4 48.00 0.00 50.00 0.00 56.00 0.00 54.00 0.00 0.0546735
4 40.00 0.00 44.00 0.00 64.00 0.00 60.00 0.00 0.00535498
4 36.00 0.00 40.00 0.00 68.00 0.00 64.00 0.00 0.00181115
4 24.00 0.00 32.00 0.00 80.00 0.00 72.00 0.00 0.00195399
4 32.00 0.00 40.00 0.00 72.00 0.00 64.00 0.00 0.00480836
4 44.00 0.00 46.00 0.00 60.00 0.00 58.00 0.00 0.00235881
4 46.00 0.00 48.00 0.00 58.00 0.00 56.00 0.00 0.00573821
4 28.00 0.00 34.00 0.00 76.00 0.00 70.00 0.00 0.00126905
4 50.00 0.00 52.00 0.00 56.00 0.00 54.00 0.00 0.186641
4 32.00 0.00 38.00 0.00 74.00 0.00 68.00 0.00 0.0017742
4 46.00 0.00 48.00 0.00 60.00 0.00 58.00 0.00 0.00329974
4 48.00 0.00 50.00 0.00 58.00 0.00 56.00 0.00 0.0191565
4 40.00 0.00 44.00 0.00 68.00 0.00 64.00 0.00 0.00269212
4 34.00 0.00 42.00 0.00 74.00 0.00 66.00 0.00 0.00506943
4 30.00 0.00 36.00 0.00 78.00 0.00 72.00 0.00 0.00140697
4 44.00 0.00 48.00 0.00 64.00 0.00 60.00 0.00 0.00748776
4 36.00 0.00 42.00 0.00 72.00 0.00 66.00 0.00 0.00323955
4 30.00 0.00 38.00 0.00 78.00 0.00 70.00 0.00 0.00267165
4 46.00 0.00 48.00 0.00 62.00 0.00 60.00 0.00 0.00279894
4 22.00 0.00 30.00 0.00 86.00 0.00 78.00 0.00 0.0012711
4 26.00 0.00 34.00 0.00 82.00 0.00 74.00 0.00 0.00185194
4 48.00 0.00 50.00 0.00 60.00 0.00 58.00 0.00 0.00854026
4 50.00 0.00 52.00 0.00 58.00 0.00 56.00 0.00 0.0417316
4 42.00 0.00 46.00 0.00 66.00 0.00 62.00 0.00 0.00379409
4 38.00 0.00 42.00 0.00 70.00 0.00 66.00 0.00 0.0018326
4 42.00 0.00 48.00 0.00 66.00 0.00 60.00 0.00 0.0131772
4 34.00 0.00 40.00 0.00 76.00 0.00 70.00 0.00 0.00222424
4 50.00 0.00 52.00 0.00 60.00 0.00 58.00 0.00 0.0149738
4 48.00 0.00 50.00 0.00 62.00 0.00 60.00 0.00 0.00602081
4 52.00 0.00 54.00 0.00 58.00 0.00 56.00 0.00 0.238024
4 44.00 0.00 48.00 0.00 68.00 0.00 64.00 0.00 0.00335625
4 48.00 0.00 50.00 0.00 64.00 0.00 62.00 0.00 0.00265775
4 28.00 0.00 36.00 0.00 84.00 0.00 76.00 0.00 0.00180836
4 44.00 0.00 50.00 0.00 68.00 0.00 62.00 0.00 0.0118134
4 36.00 0.00 44.00 0.00 76.00 0.00 68.00 0.00 0.0052806
4 24.00 0.00 32.00 0.00 88.00 0.00 80.00 0.00 0.00117167
4 52.00 0.00 54.00 0.00 60.00 0.00 58.00 0.00 0.0449161
4 42.00 0.00 46.00 0.00 70.00 0.00 66.00 0.00 0.00215964
4 46.00 0.00 50.00 0.00 66.00 0.00 62.00 0.00 0.00715447
4 50.00 0.00 52.00 0.00 62.00 0.00 60.00 0.00 0.00815777
4 32.00 0.00 40.00 0.00 80.00 0.00 72.00 0.00 0.00300301
4 38.00 0.00 44.00 0.00 74.00 0.00 68.00 0.00 0.0033472
4 32.00 0.00 38.00 0.00 80.00 0.00 74.00 0.00 0.00152585
4 40.00 0.00 44.00 0.00 72.00 0.00 68.00 0.00 0.00156867
4 50.00 0.00 52.00 0.00 64.00 0.00 62.00 0.00 0.00308821
4 54.00 0.00 56.00 0.00 60.00 0.00 58.00 0.00 0.198102
4 36.00 0.00 42.00 0.00 78.00 0.00 72.00 0.00 0.00242704
4 52.00 0.00 54.00 0.00 62.00 0.00 60.00 0.00 0.0180713
4 34.00 0.00 42.00 0.00 82.00 0.00 74.00 0.00 0.00350443
4 48.00 0.00 52.00 0.00 68.00 0.00 64.00 0.00 0.00687702
4 42.00 0.00 46.00 0.00 74.00 0.00 70.00 0.00 0.00145613
4 46.00 0.00 50.00 0.00 70.00 0.00 66.00 0.00 0.0035901
4 50.00 0.00 52.00 0.00 66.00 0.00 64.00 0.00 0.00223223
4 30.00 0.00 38.00 0.00 86.00 0.00 78.00 0.00 0.00188371
4 46.00 0.00 52.00 0.00 70.00 0.00 64.00 0.00 0.0113302
4 54.00 0.00 56.00 0.00 62.00 0.00 60.00 0.00 0.0386769
4 38.00 0.00 46.00 0.00 78.00 0.00 70.00 0.00 0.00522993
4 34.00 0.00 40.00 0.00 82.00 0.00 76.00 0.00 0.00166302
4 40.00 0.00 46.00 0.00 76.00 0.00 70.00 0.00 0.00323618
4 44.00 0.00 48.00 0.00 72.00 0.00 68.00 0.00 0.00188799
4 52.00 0.00 54.00 0.00 64.00 0.00 62.00 0.00 0.00531349
4 26.00 0.00 34.00 0.00 90.00 0.00 82.00 0.00 0.0011426
4 38.00 0.00 44.00 0.00 80.00 0.00 74.00 0.00 0.002684
4 52.00 0.00 54.00 0.00 66.00 0.00 64.00 0.00 0.00344117
4 56.00 0.00 58.00 0.00 62.00 0.00 60.00 0.00 0.205545
4 54.00 0.00 56.00 0.00 64.00 0.00 62.00 0.00 0.00858298
4 36.00 0.00 42.00 0.00 84.00 0.00 78.00 0.00 0.00173413
4 28.00 0.00 36.00 0.00 92.00 0.00 84.00 0.00 0.00118847
4 42.00 0.00 48.00 0.00 78.00 0.00 72.00 0.00 0.00312217
4 46.00 0.00 50.00 0.00 74.00 0.00 70.00 0.00 0.00231067
4 40.00 0.00 48.00 0.00 80.00 0.00 72.00 0.00 0.00539924
4 36.00 0.00 44.00 0.00 84.00 0.00 76.00 0.00 0.00329343
4 50.00 0.00 54.00 0.00 70.00 0.00 66.00 0.00 0.00572337
4 54.00 0.00 56.00 0.00 66.00 0.00 64.00 0.00 0.00466688
4 44.00 0.00 48.00 0.00 76.00 0.00 72.00 0.00 0.00157857
4 48.00 0.00 52.00 0.00 72.00 0.00 68.00 0.00 0.00352835
4 52.00 0.00 54.00 0.00 68.00 0.00 66.00 0.00 0.00187763
4 32.00 0.00 40.00 0.00 88.00 0.00 80.00 0.00 0.0018755
4 48.00 0.00 54.00 0.00 72.00 0.00 66.00 0.00 0.0104525
4 56.00 0.00 58.00 0.00 64.00 0.00 62.00 0.00 0.0206714
4 58.00 0.00 60.00 0.00 64.00 0.00 62.00 0.00 0.0948207
4 56.00 0.00 58.00 0.00 66.00 0.00 64.00 0.00 0.00964545
4 40.00 0.00 46.00 0.00 82.00 0.00 76.00 0.00 0.00223891
4 54.00 0.00 56.00 0.00 68.00 0.00 66.00 0.00 0.00234058
4 34.00 0.00 42.00 0.00 90.00 0.00 82.00 0.00 0.00202941
4 38.00 0.00 44.00 0.00 86.00 0.00 80.00 0.00 0.00161328
4 50.00 0.00 56.00 0.00 74.00 0.00 68.00 0.00 0.00952935
4 30.00 0.00 38.00 0.00 94.00 0.00 86.00 0.00 0.00118315
4 48.00 0.00 52.00 0.00 76.00 0.00 72.00 0.00 0.00277884
4 52.00 0.00 56.00 0.00 72.00 0.00 68.00 0.00 0.00514659
4 56.00 0.00 58.00 0.00 68.00 0.00 66.00 0.00 0.00412435
4 58.00 0.00 60.00 0.00 66.00 0.00 64.00 0.00 0.0266301
4 42.00 0.00 50.00 0.00 82.00 0.00 74.00 0.00 0.00559057
4 38.00 0.00 46.00 0.00 86.00 0.00 78.00 0.00 0.0033639
4 46.00 0.00 50.00 0.00 78.00 0.00 74.00 0.00 0.00187655
4 44.00 0.00 50.00 0.00 80.00 0.00 74.00 0.00 0.00373455
4 50.00 0.00 54.00 0.00 74.00 0.00 70.00 0.00 0.00331788
4 54.00 0.00 56.00 0.00 70.00 0.00 68.00 0.00 0.00164088
4 58.00 0.00 60.00 0.00 68.00 0.00 66.00 0.00 0.00836785
4 60.00 0.00 62.00 0.00 66.00 0.00 64.00 0.00 0.245805
4 42.00 0.00 48.00 0.00 84.00 0.00 78.00 0.00 0.00207524
4 56.00 0.00 58.00 0.00 70.00 0.00 68.00 0.00 0.00265819
4 40.00 0.00 46.00 0.00 88.00 0.00 82.00 0.00 0.00140223
4 32.00 0.00 40.00 0.00 96.00 0.00 88.00 0.00 0.0014103
4 56.00 0.00 58.00 0.00 72.00 0.00 70.00 0.00 0.00166501
4 58.00 0.00 60.00 0.00 70.00 0.00 68.00 0.00 0.00459434
4 46.00 0.00 52.00 0.00 82.00 0.00 76.00 0.00 0.00352076
4 52.00 0.00 56.00 0.00 76.00 0.00 72.00 0.00 0.00360844
4 40.00 0.00 48.00 0.00 88.00 0.00 80.00 0.00 0.00269986
4 36.00 0.00 44.00 0.00 92.00 0.00 84.00 0.00 0.0020126
4 52.00 0.00 58.00 0.00 76.00 0.00 70.00 0.00 0.00993232
4 48.00 0.00 52.00 0.00 80.00 0.00 76.00 0.00 0.00203294
4 50.00 0.00 54.00 0.00 78.00 0.00 74.00 0.00 0.00252541
4 60.00 0.00 62.00 0.00 68.00 0.00 66.00 0.00 0.0404178
4 44.00 0.00 52.00 0.00 84.00 0.00 76.00 0.00 0.00522093
4 54.00 0.00 58.00 0.00 74.00 0.00 70.00 0.00 0.00511313
4 44.00 0.00 50.00 0.00 86.00 0.00 80.00 0.00 0.00205259
4 62.00 0.00 64.00 0.00 68.00 0.00 66.00 0.00 0.170845
4 58.00 0.00 60.00 0.00 72.00 0.00 70.00 0.00 0.00249837
4 60.00 0.00 62.00 0.00 70.00 0.00 68.00 0.00 0.0162955
4 50.00 0.00 54.00 0.00 82.00 0.00 78.00 0.00 0.00188828
4 54.00 0.00 60.00 0.00 78.00 0.00 72.00 0.00 0.0107177
4 46.00 0.00 54.00 0.00 86.00 0.00 78.00 0.00 0.00555567
4 42.00 0.00 48.00 0.00 90.00 0.00 84.00 0.00 0.00131873
4 60.00 0.00 62.00 0.00 72.00 0.00 70.00 0.00 0.00714499
4 48.00 0.00 54.00 0.00 84.00 0.00 78.00 0.00 0.00369081
4 52.00 0.00 56.00 0.00 80.00 0.00 76.00 0.00 0.00247783
4 34.00 0.00 42.00 0.00 98.00 0.00 90.00 0.00 0.00144629
4 54.00 0.00 58.00 0.00 78.00 0.00 74.00 0.00 0.00351213
4 42.00 0.00 50.00 0.00 90.00 0.00 82.00 0.00 0.00289443
4 38.00 0.00 46.00 0.00 94.00 0.00 86.00 0.00 0.00196915
4 56.00 0.00 60.00 0.00 76.00 0.00 72.00 0.00 0.00640839
4 62.00 0.00 64.00 0.00 70.00 0.00 68.00 0.00 0.0355235
4 58.00 0.00 60.00 0.00 74.00 0.00 72.00 0.00 0.00202437
4 62.00 0.00 64.00 0.00 72.00 0.00 70.00 0.00 0.0121366
4 60.00 0.00 62.00 0.00 74.00 0.00 72.00 0.00 0.00502269
4 46.00 0.00 52.00 0.00 88.00 0.00 82.00 0.00 0.00214489
4 64.00 0.00 66.00 0.00 70.00 0.00 68.00 0.00 0.245316
4 60.00 0.00 62.00 0.00 76.00 0.00 74.00 0.00 0.00371577
4 56.00 0.00 62.00 0.00 80.00 0.00 74.00 0.00 0.0151139
4 48.00 0.00 56.00 0.00 88.00 0.00 80.00 0.00 0.00486516
4 36.00 0.00 44.00 0.00 100.00 0.00 92.00 0.00 0.0014155
4 64.00 0.00 66.00 0.00 72.00 0.00 70.00 0.00 0.0383794
4 50.00 0.00 56.00 0.00 86.00 0.00 80.00 0.00 0.00296847
4 62.00 0.00 64.00 0.00 74.00 0.00 72.00 0.00 0.00693707
4 54.00 0.00 58.00 0.00 82.00 0.00 78.00 0.00 0.00247182
4 40.00 0.00 48.00 0.00 96.00 0.00 88.00 0.00 0.00178276
4 44.00 0.00 50.00 0.00 92.00 0.00 86.00 0.00 0.00134647
4 56.00 0.00 60.00 0.00 80.00 0.00 76.00 0.00 0.00394367
4 44.00 0.00 52.00 0.00 92.00 0.00 84.00 0.00 0.00287918
4 52.00 0.00 56.00 0.00 84.00 0.00 80.00 0.00 0.00141684
4 58.00 0.00 62.00 0.00 78.00 0.00 74.00 0.00 0.00865964
4 62.00 0.00 64.00 0.00 76.00 0.00 74.00 0.00 0.00439996
4 66.00 0.00 68.00 0.00 72.00 0.00 70.00 0.00 0.206573
4 48.00 0.00 54.00 0.00 90.00 0.00 84.00 0.00 0.00222196
4 64.00 0.00 66.00 0.00 74.00 0.00 72.00 0.00 0.0168517
4 42.00 0.00 50.00 0.00 98.00 0.00 90.00 0.00 0.00189162
4 46.00 0.00 52.00 0.00 94.00 0.00 88.00 0.00 0.00149556
4 64.00 0.00 66.00 0.00 76.00 0.00 74.00 0.00 0.0082428
4 58.00 0.00 62.00 0.00 82.00 0.00 78.00 0.00 0.00538532
4 54.00 0.00 58.00 0.00 86.00 0.00 82.00 0.00 0.00157449
4 56.00 0.00 60.00 0.00 84.00 0.00 80.00 0.00 0.00214639
4 62.00 0.00 64.00 0.00 78.00 0.00 76.00 0.00 0.00239318
4 46.00 0.00 54.00 0.00 94.00 0.00 86.00 0.00 0.00295454
4 58.00 0.00 64.00 0.00 82.00 0.00 76.00 0.00 0.0147393
4 50.00 0.00 58.00 0.00 90.00 0.00 82.00 0.00 0.00467105
4 60.00 0.00 64.00 0.00 80.00 0.00 76.00 0.00 0.00931448
4 66.00 0.00 68.00 0.00 74.00 0.00 72.00 0.00 0.0533181
4 38.00 0.00 46.00 0.00 102.00 0.00 94.00 0.00 0.00129178
4 52.00 0.00 58.00 0.00 88.00 0.00 82.00 0.00 0.00303754
4 66.00 0.00 68.00 0.00 76.00 0.00 74.00 0.00 0.0157779
4 64.00 0.00 66.00 0.00 78.00 0.00 76.00 0.00 0.00385624
4 50.00 0.00 56.00 0.00 92.00 0.00 86.00 0.00 0.0018547
4 68.00 0.00 70.00 0.00 74.00 0.00 72.00 0.00 0.23208
4 44.00 0.00 52.00 0.00 100.00 0.00 92.00 0.00 0.0018812
4 52.00 0.00 60.00 0.00 92.00 0.00 84.00 0.00 0.00476991
4 64.00 0.00 66.00 0.00 80.00 0.00 78.00 0.00 0.00365107
4 66.00 0.00 68.00 0.00 78.00 0.00 76.00 0.00 0.00583401
4 48.00 0.00 54.00 0.00 96.00 0.00 90.00 0.00 0.00164017
4 60.00 0.00 66.00 0.00 84.00 0.00 78.00 0.00 0.0161034
4 48.00 0.00 56.00 0.00 96.00 0.00 88.00 0.00 0.00299976
4 54.00 0.00 60.00 0.00 90.00 0.00 84.00 0.00 0.00306503
4 58.00 0.00 62.00 0.00 86.00 0.00 82.00 0.00 0.00306521
4 40.00 0.00 48.00 0.00 104.00 0.00 96.00 0.00 0.00108458
4 62.00 0.00 66.00 0.00 82.00 0.00 78.00 0.00 0.00913402
4 68.00 0.00 70.00 0.00 76.00 0.00 74.00 0.00 0.0419798
4 60.00 0.00 64.00 0.00 84.00 0.00 80.00 0.00 0.00450667
4 56.00 0.00 60.00 0.00 88.00 0.00 84.00 0.00 0.00169563
4 52.00 0.00 58.00 0.00 94.00 0.00 88.00 0.00 0.00201977
4 66.00 0.00 68.00 0.00 80.00 0.00 78.00 0.00 0.00489189
4 68.00 0.00 70.00 0.00 78.00 0.00 76.00 0.00 0.0113314
4 70.00 0.00 72.00 0.00 76.00 0.00 74.00 0.00 0.256841
4 50.00 0.00 58.00 0.00 98.00 0.00 90.00 0.00 0.00286078
4 66.00 0.00 68.00 0.00 82.00 0.00 80.00 0.00 0.00219435
4 42.00 0.00 50.00 0.00 106.00 0.00 98.00 0.00 0.00129466
4 46.00 0.00 54.00 0.00 102.00 0.00 94.00 0.00 0.00182472
4 68.00 0.00 70.00 0.00 80.00 0.00 78.00 0.00 0.00793284
4 70.00 0.00 72.00 0.00 78.00 0.00 76.00 0.00 0.0285295
4 62.00 0.00 66.00 0.00 86.00 0.00 82.00 0.00 0.00457406
4 58.00 0.00 62.00 0.00 90.00 0.00 86.00 0.00 0.00194947
4 62.00 0.00 68.00 0.00 86.00 0.00 80.00 0.00 0.0127828
4 60.00 0.00 64.00 0.00 88.00 0.00 84.00 0.00 0.00325251
4 54.00 0.00 62.00 0.00 94.00 0.00 86.00 0.00 0.00557342
4 50.00 0.00 56.00 0.00 98.00 0.00 92.00 0.00 0.0014329
4 64.00 0.00 68.00 0.00 84.00 0.00 80.00 0.00 0.00696253
4 56.00 0.00 62.00 0.00 92.00 0.00 86.00 0.00 0.00360219
4 70.00 0.00 72.00 0.00 80.00 0.00 78.00 0.00 0.0157078
4 68.00 0.00 70.00 0.00 82.00 0.00 80.00 0.00 0.00324544
4 72.00 0.00 74.00 0.00 78.00 0.00 76.00 0.00 0.179764
4 54.00 0.00 60.00 0.00 96.00 0.00 90.00 0.00 0.00213053
4 44.00 0.00 52.00 0.00 108.00 0.00 100.00 0.00 0.00134306
4 72.00 0.00 74.00 0.00 80.00 0.00 78.00 0.00 0.0533406
4 62.00 0.00 66.00 0.00 90.00 0.00 86.00 0.00 0.00265804
4 66.00 0.00 70.00 0.00 86.00 0.00 82.00 0.00 0.00693853
4 70.00 0.00 72.00 0.00 82.00 0.00 80.00 0.00 0.00501427
4 52.00 0.00 60.00 0.00 100.00 0.00 92.00 0.00 0.00286026
4 58.00 0.00 64.00 0.00 94.00 0.00 88.00 0.00 0.00404376
4 52.00 0.00 58.00 0.00 100.00 0.00 94.00 0.00 0.00130875
4 60.00 0.00 64.00 0.00 92.00 0.00 88.00 0.00 0.00211827
4 64.00 0.00 68.00 0.00 88.00 0.00 84.00 0.00 0.00446963
4 68.00 0.00 70.00 0.00 84.00 0.00 82.00 0.00 0.00219653
4 48.00 0.00 56.00 0.00 104.00 0.00 96.00 0.00 0.00178251
4 64.00 0.00 70.00 0.00 88.00 0.00 82.00 0.00 0.0125816
4 56.00 0.00 64.00 0.00 96.00 0.00 88.00 0.00 0.00611767
4 74.00 0.00 76.00 0.00 80.00 0.00 78.00 0.00 0.399126
4 56.00 0.00 62.00 0.00 98.00 0.00 92.00 0.00 0.00259912
4 72.00 0.00 74.00 0.00 82.00 0.00 80.00 0.00 0.0132976
4 70.00 0.00 72.00 0.00 84.00 0.00 82.00 0.00 0.00293601
4 66.00 0.00 72.00 0.00 90.00 0.00 84.00 0.00 0.011591
4 74.00 0.00 76.00 0.00 82.00 0.00 80.00 0.00 0.0534777
4 58.00 0.00 66.00 0.00 98.00 0.00 90.00 0.00 0.00632555
4 54.00 0.00 60.00 0.00 102.00 0.00 96.00 0.00 0.0012466
4 60.00 0.00 66.00 0.00 96.00 0.00 90.00 0.00 0.00452234
4 64.00 0.00 68.00 0.00 92.00 0.00 88.00 0.00 0.00248344
4 72.00 0.00 74.00 0.00 84.00 0.00 82.00 0.00 0.00633274
4 46.00 0.00 54.00 0.00 110.00 0.00 102.00 0.00 0.00128575
4 54.00 0.00 62.00 0.00 102.00 0.00 94.00 0.00 0.00310902
4 68.00 0.00 72.00 0.00 88.00 0.00 84.00 0.00 0.00662387
4 62.00 0.00 66.00 0.00 94.00 0.00 90.00 0.00 0.00220435
4 66.00 0.00 70.00 0.00 90.00 0.00 86.00 0.00 0.00374763
4 70.00 0.00 72.00 0.00 86.00 0.00 84.00 0.00 0.00221525
4 50.00 0.00 58.00 0.00 106.00 0.00 98.00 0.00 0.00184719
4 74.00 0.00 76.00 0.00 84.00 0.00 82.00 0.00 0.0180317
4 58.00 0.00 64.00 0.00 100.00 0.00 94.00 0.00 0.0023732
4 72.00 0.00 74.00 0.00 86.00 0.00 84.00 0.00 0.00420171
4 76.00 0.00 78.00 0.00 82.00 0.00 80.00 0.00 0.197524
4 64.00 0.00 68.00 0.00 96.00 0.00 92.00 0.00 0.00219909
4 68.00 0.00 72.00 0.00 92.00 0.00 88.00 0.00 0.00339635
4 72.00 0.00 74.00 0.00 88.00 0.00 86.00 0.00 0.00236908
4 52.00 0.00 60.00 0.00 108.00 0.00 100.00 0.00 0.00192547
4 68.00 0.00 74.00 0.00 92.00 0.00 86.00 0.00 0.0112111
4 76.00 0.00 78.00 0.00 84.00 0.00 82.00 0.00 0.0436311
4 56.00 0.00 62.00 0.00 104.00 0.00 98.00 0.00 0.00170927
4 48.00 0.00 56.00 0.00 112.00 0.00 104.00 0.00 0.00141678
4 62.00 0.00 68.00 0.00 98.00 0.00 92.00 0.00 0.00392546
4 66.00 0.00 70.00 0.00 94.00 0.00 90.00 0.00 0.00263663
4 60.00 0.00 68.00 0.00 100.00 0.00 92.00 0.00 0.00623266
4 56.00 0.00 64.00 0.00 104.00 0.00 96.00 0.00 0.00323193
4 70.00 0.00 74.00 0.00 90.00 0.00 86.00 0.00 0.00639387
4 74.00 0.00 76.00 0.00 86.00 0.00 84.00 0.00 0.00903571
4 74.00 0.00 76.00 0.00 88.00 0.00 86.00 0.00 0.00437202
4 78.00 0.00 80.00 0.00 84.00 0.00 82.00 0.00 0.313764
4 76.00 0.00 78.00 0.00 86.00 0.00 84.00 0.00 0.015698
4 60.00 0.00 66.00 0.00 102.00 0.00 96.00 0.00 0.00240897
4 72.00 0.00 76.00 0.00 92.00 0.00 88.00 0.00 0.00771352
4 76.00 0.00 78.00 0.00 88.00 0.00 86.00 0.00 0.00592864
4 78.00 0.00 80.00 0.00 86.00 0.00 84.00 0.00 0.0632493
4 62.00 0.00 70.00 0.00 102.00 0.00 94.00 0.00 0.00534159
4 58.00 0.00 66.00 0.00 106.00 0.00 98.00 0.00 0.0036072
4 66.00 0.00 70.00 0.00 98.00 0.00 94.00 0.00 0.00171197
4 64.00 0.00 70.00 0.00 100.00 0.00 94.00 0.00 0.00336008
4 70.00 0.00 74.00 0.00 94.00 0.00 90.00 0.00 0.00411696
4 74.00 0.00 76.00 0.00 90.00 0.00 88.00 0.00 0.0027642
4 54.00 0.00 62.00 0.00 110.00 0.00 102.00 0.00 0.00221967
4 58.00 0.00 64.00 0.00 106.00 0.00 100.00 0.00 0.00184374
4 70.00 0.00 76.00 0.00 94.00 0.00 88.00 0.00 0.0135143
4 50.00 0.00 58.00 0.00 114.00 0.00 106.00 0.00 0.00129915
4 68.00 0.00 72.00 0.00 96.00 0.00 92.00 0.00 0.00269868
4 78.00 0.00 80.00 0.00 88.00 0.00 86.00 0.00 0.0167694
4 62.00 0.00 68.00 0.00 104.00 0.00 98.00 0.00 0.00238441
4 76.00 0.00 78.00 0.00 90.00 0.00 88.00 0.00 0.00331057
4 80.00 0.00 82.00 0.00 86.00 0.00 84.00 0.00 0.228164
4 60.00 0.00 68.00 0.00 108.00 0.00 100.00 0.00 0.00376924
4 56.00 0.00 64.00 0.00 112.00 0.00 104.00 0.00 0.00210343
4 72.00 0.00 78.00 0.00 96.00 0.00 90.00 0.00 0.0143939
4 68.00 0.00 72.00 0.00 100.00 0.00 96.00 0.00 0.00138005
4 70.00 0.00 74.00 0.00 98.00 0.00 94.00 0.00 0.00239621
4 80.00 0.00 82.00 0.00 88.00 0.00 86.00 0.00 0.0360447
4 64.00 0.00 72.00 0.00 104.00 0.00 96.00 0.00 0.00492645
4 74.00 0.00 78.00 0.00 94.00 0.00 90.00 0.00 0.00823389
4 60.00 0.00 66.00 0.00 108.00 0.00 102.00 0.00 0.00200373
4 52.00 0.00 60.00 0.00 116.00 0.00 108.00 0.00 0.00124885
4 76.00 0.00 78.00 0.00 92.00 0.00 90.00 0.00 0.00223617
4 78.00 0.00 80.00 0.00 90.00 0.00 88.00 0.00 0.00745692
4 66.00 0.00 72.00 0.00 102.00 0.00 96.00 0.00 0.00289179
4 72.00 0.00 76.00 0.00 96.00 0.00 92.00 0.00 0.00544122
4 64.00 0.00 70.00 0.00 106.00 0.00 100.00 0.00 0.00246927
4 82.00 0.00 84.00 0.00 88.00 0.00 86.00 0.00 0.220342
4 78.00 0.00 80.00 0.00 92.00 0.00 90.00 0.00 0.00439048
4 80.00 0.00 82.00 0.00 90.00 0.00 88.00 0.00 0.0114435
4 68.00 0.00 74.00 0.00 104.00 0.00 98.00 0.00 0.00334864
4 72.00 0.00 76.00 0.00 100.00 0.00 96.00 0.00 0.00257346
4 54.00 0.00 62.00 0.00 118.00 0.00 110.00 0.00 0.00139773
4 74.00 0.00 78.00 0.00 98.00 0.00 94.00 0.00 0.00432764
4 62.00 0.00 70.00 0.00 110.00 0.00 102.00 0.00 0.00347558
4 58.00 0.00 66.00 0.00 114.00 0.00 106.00 0.00 0.00232471
4 76.00 0.00 80.00 0.00 96.00 0.00 92.00 0.00 0.00953418
4 82.00 0.00 84.00 0.00 90.00 0.00 88.00 0.00 0.0419491
4 78.00 0.00 80.00 0.00 94.00 0.00 92.00 0.00 0.00373466
4 70.00 0.00 74.00 0.00 102.00 0.00 98.00 0.00 0.00162466
4 66.00 0.00 74.00 0.00 106.00 0.00 98.00 0.00 0.00528474
4 74.00 0.00 80.00 0.00 98.00 0.00 92.00 0.00 0.0157749
4 62.00 0.00 68.00 0.00 110.00 0.00 104.00 0.00 0.00172814
4 80.00 0.00 82.00 0.00 92.00 0.00 90.00 0.00 0.00515505
4 80.00 0.00 82.00 0.00 94.00 0.00 92.00 0.00 0.00377613
4 66.00 0.00 72.00 0.00 108.00 0.00 102.00 0.00 0.002255
4 84.00 0.00 86.00 0.00 90.00 0.00 88.00 0.00 0.289796
4 82.00 0.00 84.00 0.00 92.00 0.00 90.00 0.00 0.012513
4 70.00 0.00 76.00 0.00 106.00 0.00 100.00 0.00 0.00397257
4 82.00 0.00 84.00 0.00 94.00 0.00 92.00 0.00 0.00697786
4 74.00 0.00 78.00 0.00 102.00 0.00 98.00 0.00 0.00275896
4 60.00 0.00 68.00 0.00 116.00 0.00 108.00 0.00 0.00227585
4 64.00 0.00 70.00 0.00 112.00 0.00 106.00 0.00 0.000360014
4 76.00 0.00 80.00 0.00 100.00 0.00 96.00 0.00 0.00405065
4 64.00 0.00 72.00 0.00 112.00 0.00 104.00 0.00 0.00296508
4 72.00 0.00 76.00 0.00 104.00 0.00 100.00 0.00 0.00222306
4 78.00 0.00 82.00 0.00 98.00 0.00 94.00 0.00 0.00722543
4 80.00 0.00 82.00 0.00 96.00 0.00 94.00 0.00 0.00223325
4 76.00 0.00 82.00 0.00 100.00 0.00 94.00 0.00 0.0123073
4 68.00 0.00 76.00 0.00 108.00 0.00 100.00 0.00 0.00606821
4 56.00 0.00 64.00 0.00 120.00 0.00 112.00 0.00 0.00161064
4 84.00 0.00 86.00 0.00 92.00 0.00 90.00 0.00 0.0513789
4 84.00 0.00 86.00 0.00 94.00 0.00 92.00 0.00 0.0194162
4 82.00 0.00 84.00 0.00 96.00 0.00 94.00 0.00 0.00356229
4 86.00 0.00 88.00 0.00 92.00 0.00 90.00 0.00 0.249041
4 68.00 0.00 74.00 0.00 110.00 0.00 104.00 0.00 0.00227279
4 78.00 0.00 84.00 0.00 102.00 0.00 96.00 0.00 0.0110752
4 70.00 0.00 78.00 0.00 110.00 0.00 102.00 0.00 0.00610527
4 80.00 0.00 84.00 0.00 100.00 0.00 96.00 0.00 0.00538449
4 86.00 0.00 88.00 0.00 94.00 0.00 92.00 0.00 0.0531319
4 58.00 0.00 66.00 0.00 122.00 0.00 114.00 0.00 0.00133533
4 72.00 0.00 78.00 0.00 108.00 0.00 102.00 0.00 0.00420254
4 62.00 0.00 70.00 0.00 118.00 0.00 110.00 0.00 0.00207822
4 66.00 0.00 72.00 0.00 114.00 0.00 108.00 0.00 0.00143938
4 84.00 0.00 86.00 0.00 96.00 0.00 94.00 0.00 0.00751222
4 78.00 0.00 82.00 0.00 102.00 0.00 98.00 0.00 0.00415626
4 74.00 0.00 78.00 0.00 106.00 0.00 102.00 0.00 0.00221429
4 76.00 0.00 80.00 0.00 104.00 0.00 100.00 0.00 0.0032977
4 82.00 0.00 84.00 0.00 98.00 0.00 96.00 0.00 0.00173996
4 66.00 0.00 74.00 0.00 114.00 0.00 106.00 0.00 0.00311689
4 70.00 0.00 76.00 0.00 112.00 0.00 106.00 0.00 0.00359741
4 88.00 0.00 90.00 0.00 94.00 0.00 92.00 0.00 0.279299
4 86.00 0.00 88.00 0.00 96.00 0.00 94.00 0.00 0.0134077
4 84.00 0.00 86.00 0.00 98.00 0.00 96.00 0.00 0.00317887
4 78.00 0.00 82.00 0.00 106.00 0.00 102.00 0.00 0.00317227
4 68.00 0.00 74.00 0.00 116.00 0.00 110.00 0.00 0.00149681
4 80.00 0.00 86.00 0.00 104.00 0.00 98.00 0.00 0.0123352
4 68.00 0.00 76.00 0.00 116.00 0.00 108.00 0.00 0.00330229
4 74.00 0.00 80.00 0.00 110.00 0.00 104.00 0.00 0.00448724
4 60.00 0.00 68.00 0.00 124.00 0.00 116.00 0.00 0.00134207
4 82.00 0.00 86.00 0.00 102.00 0.00 98.00 0.00 0.00697569
4 88.00 0.00 90.00 0.00 96.00 0.00 94.00 0.00 0.0340633
4 80.00 0.00 84.00 0.00 104.00 0.00 100.00 0.00 0.00391642
4 76.00 0.00 80.00 0.00 108.00 0.00 104.00 0.00 0.00233885
4 64.00 0.00 72.00 0.00 120.00 0.00 112.00 0.00 0.00200562
4 72.00 0.00 80.00 0.00 112.00 0.00 104.00 0.00 0.00609279
4 84.00 0.00 86.00 0.00 100.00 0.00 98.00 0.00 0.00239408
4 86.00 0.00 88.00 0.00 98.00 0.00 96.00 0.00 0.00453991
4 90.00 0.00 92.00 0.00 96.00 0.00 94.00 0.00 0.202888
4 72.00 0.00 78.00 0.00 114.00 0.00 108.00 0.00 0.00252995
4 86.00 0.00 88.00 0.00 100.00 0.00 98.00 0.00 0.00303811
4 88.00 0.00 90.00 0.00 98.00 0.00 96.00 0.00 0.00853019
4 82.00 0.00 88.00 0.00 106.00 0.00 100.00 0.00 0.0133418
4 80.00 0.00 84.00 0.00 108.00 0.00 104.00 0.00 0.00259059
4 74.00 0.00 82.00 0.00 114.00 0.00 106.00 0.00 0.00628564
4 70.00 0.00 76.00 0.00 118.00 0.00 112.00 0.00 0.00031192
4 84.00 0.00 88.00 0.00 104.00 0.00 100.00 0.00 0.00773586
4 76.00 0.00 82.00 0.00 112.00 0.00 106.00 0.00 0.00395263
4 70.00 0.00 78.00 0.00 118.00 0.00 110.00 0.00 0.00324616
4 86.00 0.00 88.00 0.00 102.00 0.00 100.00 0.00 0.00235794
4 62.00 0.00 70.00 0.00 126.00 0.00 118.00 0.00 0.00127786
4 66.00 0.00 74.00 0.00 122.00 0.00 114.00 0.00 0.00171948
4 88.00 0.00 90.00 0.00 100.00 0.00 98.00 0.00 0.0047358
4 90.00 0.00 92.00 0.00 98.00 0.00 96.00 0.00 0.0254935
4 82.00 0.00 86.00 0.00 106.00 0.00 102.00 0.00 0.00466373
4 78.00 0.00 82.00 0.00 110.00 0.00 106.00 0.00 0.00211456
4 74.00 0.00 80.00 0.00 116.00 0.00 110.00 0.00 0.00280771
4 90.00 0.00 92.00 0.00 100.00 0.00 98.00 0.00 0.0100343
4 92.00 0.00 94.00 0.00 98.00 0.00 96.00 0.00 0.185177
4 88.00 0.00 90.00 0.00 102.00 0.00 100.00 0.00 0.00320783
4 72.00 0.00 78.00 0.00 120.00 0.00 114.00 0.00 0.00158948
4 84.00 0.00 88.00 0.00 108.00 0.00 104.00 0.00 0.00460961
4 88.00 0.00 90.00 0.00 104.00 0.00 102.00 0.00 0.00234187
4 68.00 0.00 76.00 0.00 124.00 0.00 116.00 0.00 0.00179722
4 84.00 0.00 90.00 0.00 108.00 0.00 102.00 0.00 0.0133256
4 76.00 0.00 84.00 0.00 116.00 0.00 108.00 0.00 0.00581052
4 92.00 0.00 94.00 0.00 100.00 0.00 98.00 0.00 0.0441713
4 82.00 0.00 86.00 0.00 110.00 0.00 106.00 0.00 0.00288153
4 86.00 0.00 90.00 0.00 106.00 0.00 102.00 0.00 0.00720841
4 90.00 0.00 92.00 0.00 102.00 0.00 100.00 0.00 0.00551913
4 80.00 0.00 84.00 0.00 112.00 0.00 108.00 0.00 0.00225774
4 72.00 0.00 80.00 0.00 120.00 0.00 112.00 0.00 0.00423989
4 78.00 0.00 84.00 0.00 114.00 0.00 108.00 0.00 0.00382435
4 90.00 0.00 92.00 0.00 104.00 0.00 102.00 0.00 0.0035125
4 94.00 0.00 96.00 0.00 100.00 0.00 98.00 0.00 0.262206
4 76.00 0.00 82.00 0.00 118.00 0.00 112.00 0.00 0.00248463
4 92.00 0.00 94.00 0.00 102.00 0.00 100.00 0.00 0.0166702
4 92.00 0.00 94.00 0.00 104.00 0.00 102.00 0.00 0.007978
4 74.00 0.00 82.00 0.00 122.00 0.00 114.00 0.00 0.00317508
4 88.00 0.00 92.00 0.00 108.00 0.00 104.00 0.00 0.00685158
4 82.00 0.00 86.00 0.00 114.00 0.00 110.00 0.00 0.00198593
4 86.00 0.00 90.00 0.00 110.00 0.00 106.00 0.00 0.00406083
4 90.00 0.00 92.00 0.00 106.00 0.00 104.00 0.00 0.00229747
4 70.00 0.00 78.00 0.00 126.00 0.00 118.00 0.00 0.00176913
4 86.00 0.00 92.00 0.00 110.00 0.00 104.00 0.00 0.0122056
4 94.00 0.00 96.00 0.00 102.00 0.00 100.00 0.00 0.0608477
4 78.00 0.00 86.00 0.00 118.00 0.00 110.00 0.00 0.00596286
4 74.00 0.00 80.00 0.00 122.00 0.00 116.00 0.00 0.00164439
4 80.00 0.00 86.00 0.00 116.00 0.00 110.00 0.00 0.003644
4 84.00 0.00 88.00 0.00 112.00 0.00 108.00 0.00 0.0018876
4 78.00 0.00 84.00 0.00 120.00 0.00 114.00 0.00 0.00226978
4 92.00 0.00 94.00 0.00 106.00 0.00 104.00 0.00 0.00438792
4 96.00 0.00 98.00 0.00 102.00 0.00 100.00 0.00 0.246171
4 94.00 0.00 96.00 0.00 104.00 0.00 102.00 0.00 0.0193625
4 86.00 0.00 90.00 0.00 114.00 0.00 110.00 0.00 0.00263849
4 76.00 0.00 82.00 0.00 124.00 0.00 118.00 0.00 0.00146514
4 82.00 0.00 88.00 0.00 118.00 0.00 112.00 0.00 0.00450351
4 80.00 0.00 88.00 0.00 120.00 0.00 112.00 0.00 0.00571847
4 76.00 0.00 84.00 0.00 124.00 0.00 116.00 0.00 0.00292307
4 90.00 0.00 94.00 0.00 110.00 0.00 106.00 0.00 0.0078022
4 94.00 0.00 96.00 0.00 106.00 0.00 104.00 0.00 0.00780359
4 84.00 0.00 88.00 0.00 116.00 0.00 112.00 0.00 0.00301648
4 92.00 0.00 94.00 0.00 108.00 0.00 106.00 0.00 0.00290663
4 88.00 0.00 92.00 0.00 112.00 0.00 108.00 0.00 0.00456351
4 88.00 0.00 94.00 0.00 112.00 0.00 106.00 0.00 0.0144544
4 96.00 0.00 98.00 0.00 104.00 0.00 102.00 0.00 0.0513971
4 98.00 0.00 100.00 0.00 104.00 0.00 102.00 0.00 0.30687
4 96.00 0.00 98.00 0.00 106.00 0.00 104.00 0.00 0.0145674
4 80.00 0.00 86.00 0.00 122.00 0.00 116.00 0.00 0.00196094
4 94.00 0.00 96.00 0.00 108.00 0.00 106.00 0.00 0.00436023
4 86.00 0.00 90.00 0.00 118.00 0.00 114.00 0.00 0.00174479
4 84.00 0.00 90.00 0.00 120.00 0.00 114.00 0.00 0.00342154
4 90.00 0.00 94.00 0.00 114.00 0.00 110.00 0.00 0.00458018
4 94.00 0.00 96.00 0.00 110.00 0.00 108.00 0.00 0.00269431
4 78.00 0.00 84.00 0.00 126.00 0.00 120.00 0.00 0.00144536
4 90.00 0.00 96.00 0.00 114.00 0.00 108.00 0.00 0.013989
4 88.00 0.00 92.00 0.00 116.00 0.00 112.00 0.00 0.00182908
4 92.00 0.00 96.00 0.00 112.00 0.00 108.00 0.00 0.00889456
4 96.00 0.00 98.00 0.00 108.00 0.00 106.00 0.00 0.00629367
4 98.00 0.00 100.00 0.00 106.00 0.00 104.00 0.00 0.0564615
4 82.00 0.00 90.00 0.00 122.00 0.00 114.00 0.00 0.00500486
4 78.00 0.00 86.00 0.00 126.00 0.00 118.00 0.00 0.00301469
4 98.00 0.00 100.00 0.00 108.00 0.00 106.00 0.00 0.0172098
4 82.00 0.00 88.00 0.00 124.00 0.00 118.00 0.00 0.00206174
4 96.00 0.00 98.00 0.00 110.00 0.00 108.00 0.00 0.00327103
4 100.00 0.00 102.00 0.00 106.00 0.00 104.00 0.00 0.314905
4 84.00 0.00 92.00 0.00 124.00 0.00 116.00 0.00 0.00488257
4 94.00 0.00 98.00 0.00 114.00 0.00 110.00 0.00 0.00727775
4 96.00 0.00 98.00 0.00 112.00 0.00 110.00 0.00 0.00226316
4 98.00 0.00 100.00 0.00 110.00 0.00 108.00 0.00 0.00668902
4 86.00 0.00 92.00 0.00 122.00 0.00 116.00 0.00 0.00300773
4 92.00 0.00 96.00 0.00 116.00 0.00 112.00 0.00 0.00416054
4 92.00 0.00 98.00 0.00 116.00 0.00 110.00 0.00 0.0132694
4 88.00 0.00 92.00 0.00 120.00 0.00 116.00 0.00 0.00158564
4 90.00 0.00 94.00 0.00 118.00 0.00 114.00 0.00 0.00278349
4 100.00 0.00 102.00 0.00 108.00 0.00 106.00 0.00 0.0664265
4 100.00 0.00 102.00 0.00 110.00 0.00 108.00 0.00 0.0180388
4 102.00 0.00 104.00 0.00 108.00 0.00 106.00 0.00 0.319186
4 84.00 0.00 90.00 0.00 126.00 0.00 120.00 0.00 0.00203803
4 98.00 0.00 100.00 0.00 112.00 0.00 110.00 0.00 0.00400366
4 102.00 0.00 104.00 0.00 110.00 0.00 108.00 0.00 0.0601405
4 98.00 0.00 100.00 0.00 114.00 0.00 112.00 0.00 0.00230186
4 90.00 0.00 94.00 0.00 122.00 0.00 118.00 0.00 0.00164866
4 86.00 0.00 94.00 0.00 126.00 0.00 118.00 0.00 0.00500142
4 94.00 0.00 100.00 0.00 118.00 0.00 112.00 0.00 0.0120845
4 100.00 0.00 102.00 0.00 112.00 0.00 110.00 0.00 0.00807843
4 88.00 0.00 94.00 0.00 124.00 0.00 118.00 0.00 0.00317104
4 92.00 0.00 96.00 0.00 120.00 0.00 116.00 0.00 0.00282766
4 94.00 0.00 98.00 0.00 118.00 0.00 114.00 0.00 0.00393623
4 96.00 0.00 100.00 0.00 116.00 0.00 112.00 0.00 0.00659051
4 104.00 0.00 106.00 0.00 110.00 0.00 108.00 0.00 0.26989
4 102.00 0.00 104.00 0.00 112.00 0.00 110.00 0.00 0.0196953
4 100.00 0.00 102.00 0.00 114.00 0.00 112.00 0.00 0.00436255
4 94.00 0.00 98.00 0.00 122.00 0.00 118.00 0.00 0.00219833
4 96.00 0.00 100.00 0.00 120.00 0.00 116.00 0.00 0.00355729
4 92.00 0.00 96.00 0.00 124.00 0.00 120.00 0.00 0.00177109
4 98.00 0.00 102.00 0.00 118.00 0.00 114.00 0.00 0.00742952
4 100.00 0.00 102.00 0.00 116.00 0.00 114.00 0.00 0.00270746
4 104.00 0.00 106.00 0.00 112.00 0.00 110.00 0.00 0.0604593
4 96.00 0.00 102.00 0.00 120.00 0.00 114.00 0.00 0.0121924
4 90.00 0.00 96.00 0.00 126.00 0.00 120.00 0.00 0.00344694
4 102.00 0.00 104.00 0.00 114.00 0.00 112.00 0.00 0.00805275
4 102.00 0.00 104.00 0.00 116.00 0.00 114.00 0.00 0.00441636
4 106.00 0.00 108.00 0.00 112.00 0.00 110.00 0.00 0.270101
4 104.00 0.00 106.00 0.00 114.00 0.00 112.00 0.00 0.0173049
4 104.00 0.00 106.00 0.00 116.00 0.00 114.00 0.00 0.00746245
4 98.00 0.00 102.00 0.00 122.00 0.00 118.00 0.00 0.00366364
4 94.00 0.00 98.00 0.00 126.00 0.00 122.00 0.00 0.00180926
4 96.00 0.00 100.00 0.00 124.00 0.00 120.00 0.00 0.00208783
4 102.00 0.00 104.00 0.00 118.00 0.00 116.00 0.00 0.00277752
4 98.00 0.00 104.00 0.00 122.00 0.00 116.00 0.00 0.0125559
4 100.00 0.00 104.00 0.00 120.00 0.00 116.00 0.00 0.00780913
4 106.00 0.00 108.00 0.00 114.00 0.00 112.00 0.00 0.0493376
4 106.00 0.00 108.00 0.00 116.00 0.00 114.00 0.00 0.0151542
4 104.00 0.00 106.00 0.00 118.00 0.00 116.00 0.00 0.00410044
4 108.00 0.00 110.00 0.00 114.00 0.00 112.00 0.00 0.226585
4 102.00 0.00 106.00 0.00 122.00 0.00 118.00 0.00 0.00719381
4 108.00 0.00 110.00 0.00 116.00 0.00 114.00 0.00 0.0421147
4 100.00 0.00 104.00 0.00 124.00 0.00 120.00 0.00 0.00412787
4 104.00 0.00 106.00 0.00 120.00 0.00 118.00 0.00 0.00254993
4 106.00 0.00 108.00 0.00 118.00 0.00 116.00 0.00 0.00674631
4 98.00 0.00 102.00 0.00 126.00 0.00 122.00 0.00 0.0026667
4 100.00 0.00 106.00 0.00 124.00 0.00 118.00 0.00 0.0129292
4 110.00 0.00 112.00 0.00 116.00 0.00 114.00 0.00 0.198218
4 106.00 0.00 108.00 0.00 120.00 0.00 118.00 0.00 0.00368888
4 108.00 0.00 110.00 0.00 118.00 0.00 116.00 0.00 0.0134662
4 104.00 0.00 108.00 0.00 124.00 0.00 120.00 0.00 0.00711027
4 106.00 0.00 108.00 0.00 122.00 0.00 120.00 0.00 0.00211221
4 108.00 0.00 110.00 0.00 120.00 0.00 118.00 0.00 0.00591057
4 110.00 0.00 112.00 0.00 118.00 0.00 116.00 0.00 0.0404166
4 102.00 0.00 106.00 0.00 126.00 0.00 122.00 0.00 0.00483003
4 102.00 0.00 108.00 0.00 126.00 0.00 120.00 0.00 0.0130975
4 110.00 0.00 112.00 0.00 120.00 0.00 118.00 0.00 0.0126231
4 112.00 0.00 114.00 0.00 118.00 0.00 116.00 0.00 0.19247
4 108.00 0.00 110.00 0.00 122.00 0.00 120.00 0.00 0.00303635
4 112.00 0.00 114.00 0.00 120.00 0.00 118.00 0.00 0.0361261
4 106.00 0.00 110.00 0.00 126.00 0.00 122.00 0.00 0.00778765
4 110.00 0.00 112.00 0.00 122.00 0.00 120.00 0.00 0.0053934
4 108.00 0.00 110.00 0.00 124.00 0.00 122.00 0.00 0.00258011
4 114.00 0.00 116.00 0.00 120.00 0.00 118.00 0.00 0.169804
4 112.00 0.00 114.00 0.00 122.00 0.00 120.00 0.00 0.0113139
4 110.00 0.00 112.00 0.00 124.00 0.00 122.00 0.00 0.00408942
4 110.00 0.00 112.00 0.00 126.00 0.00 124.00 0.00 0.00263927
4 114.00 0.00 116.00 0.00 122.00 0.00 120.00 0.00 0.0345709
4 112.00 0.00 114.00 0.00 124.00 0.00 122.00 0.00 0.00698495
4 112.00 0.00 114.00 0.00 126.00 0.00 124.00 0.00 0.00388358
4 116.00 0.00 118.00 0.00 122.00 0.00 120.00 0.00 0.185015
4 114.00 0.00 116.00 0.00 124.00 0.00 122.00 0.00 0.0158221
4 114.00 0.00 116.00 0.00 126.00 0.00 124.00 0.00 0.00676411
4 116.00 0.00 118.00 0.00 124.00 0.00 122.00 0.00 0.0546858
4 116.00 0.00 118.00 0.00 126.00 0.00 124.00 0.00 0.0156807
4 118.00 0.00 120.00 0.00 124.00 0.00 122.00 0.00 0.342918
4 118.00 0.00 120.00 0.00 126.00 0.00 124.00 0.00 0.0544299
4 120.00 0.00 122.00 0.00 126.00 0.00 124.00 0.00 0.19188
4 0.00 0.00 6.00 0.00 2.00 0.00 4.00 0.00 0.545803
4 2.00 0.00 8.00 0.00 4.00 0.00 6.00 0.00 0.556422
4 0.00 0.00 12.00 0.00 4.00 0.00 8.00 0.00 0.230883
4 4.00 0.00 10.00 0.00 6.00 0.00 8.00 0.00 0.59661
4 2.00 0.00 14.00 0.00 6.00 0.00 10.00 0.00 0.223295
4 0.00 0.00 18.00 0.00 6.00 0.00 12.00 0.00 0.153173
4 6.00 0.00 12.00 0.00 8.00 0.00 10.00 0.00 0.56968
4 4.00 0.00 16.00 0.00 8.00 0.00 12.00 0.00 0.238331
4 2.00 0.00 20.00 0.00 8.00 0.00 14.00 0.00 0.149445
4 8.00 0.00 14.00 0.00 10.00 0.00 12.00 0.00 0.614422
4 6.00 0.00 18.00 0.00 10.00 0.00 14.00 0.00 0.244277
4 0.00 0.00 24.00 0.00 8.00 0.00 16.00 0.00 0.120693
4 4.00 0.00 22.00 0.00 10.00 0.00 16.00 0.00 0.141106
4 10.00 0.00 16.00 0.00 12.00 0.00 14.00 0.00 0.623451
4 2.00 0.00 26.00 0.00 10.00 0.00 18.00 0.00 0.120342
4 8.00 0.00 20.00 0.00 12.00 0.00 16.00 0.00 0.223718
4 0.00 0.00 30.00 0.00 10.00 0.00 20.00 0.00 0.107177
4 6.00 0.00 24.00 0.00 12.00 0.00 18.00 0.00 0.143748
4 12.00 0.00 18.00 0.00 14.00 0.00 16.00 0.00 0.500091
4 4.00 0.00 28.00 0.00 12.00 0.00 20.00 0.00 0.11462
4 10.00 0.00 22.00 0.00 14.00 0.00 18.00 0.00 0.227487
4 2.00 0.00 32.00 0.00 12.00 0.00 22.00 0.00 0.102868
4 14.00 0.00 20.00 0.00 16.00 0.00 18.00 0.00 0.665619
4 8.00 0.00 26.00 0.00 14.00 0.00 20.00 0.00 0.143366
4 12.00 0.00 24.00 0.00 16.00 0.00 20.00 0.00 0.249593
4 6.00 0.00 30.00 0.00 14.00 0.00 22.00 0.00 0.112825
4 0.00 0.00 36.00 0.00 12.00 0.00 24.00 0.00 0.0956664
4 10.00 0.00 28.00 0.00 16.00 0.00 22.00 0.00 0.144423
4 4.00 0.00 34.00 0.00 14.00 0.00 24.00 0.00 0.10213
4 16.00 0.00 22.00 0.00 18.00 0.00 20.00 0.00 0.530518
4 2.00 0.00 38.00 0.00 14.00 0.00 26.00 0.00 0.0937674
4 14.00 0.00 26.00 0.00 18.00 0.00 22.00 0.00 0.23749
4 8.00 0.00 32.00 0.00 16.00 0.00 24.00 0.00 0.116732
4 12.00 0.00 30.00 0.00 18.00 0.00 24.00 0.00 0.137867
4 0.00 0.00 42.00 0.00 14.00 0.00 28.00 0.00 0.086965
4 6.00 0.00 36.00 0.00 16.00 0.00 26.00 0.00 0.10354
4 18.00 0.00 24.00 0.00 20.00 0.00 22.00 0.00 0.596831
4 4.00 0.00 40.00 0.00 16.00 0.00 28.00 0.00 0.0946421
4 10.00 0.00 34.00 0.00 18.00 0.00 26.00 0.00 0.117052
4 16.00 0.00 28.00 0.00 20.00 0.00 24.00 0.00 0.216492
4 20.00 0.00 26.00 0.00 22.00 0.00 24.00 0.00 0.566594
4 2.00 0.00 44.00 0.00 16.00 0.00 30.00 0.00 0.0871901
4 8.00 0.00 38.00 0.00 18.00 0.00 28.00 0.00 0.104196
4 14.00 0.00 32.00 0.00 20.00 0.00 26.00 0.00 0.142254
4 12.00 0.00 36.00 0.00 20.00 0.00 28.00 0.00 0.119714
4 6.00 0.00 42.00 0.00 18.00 0.00 30.00 0.00 0.090943
4 18.00 0.00 30.00 0.00 22.00 0.00 26.00 0.00 0.220316
4 0.00 0.00 48.00 0.00 16.00 0.00 32.00 0.00 0.0840685
4 4.00 0.00 46.00 0.00 18.00 0.00 32.00 0.00 0.0856901
4 10.00 0.00 40.00 0.00 20.00 0.00 30.00 0.00 0.103841
4 16.00 0.00 34.00 0.00 22.00 0.00 28.00 0.00 0.1491
4 22.00 0.00 28.00 0.00 24.00 0.00 26.00 0.00 0.554912
4 14.00 0.00 38.00 0.00 22.00 0.00 30.00 0.00 0.122171
4 8.00 0.00 44.00 0.00 20.00 0.00 32.00 0.00 0.0918189
4 20.00 0.00 32.00 0.00 24.00 0.00 28.00 0.00 0.233859
4 2.00 0.00 50.00 0.00 18.00 0.00 34.00 0.00 0.0794541
4 18.00 0.00 36.00 0.00 24.00 0.00 30.00 0.00 0.153085
4 12.00 0.00 42.00 0.00 22.00 0.00 32.00 0.00 0.102251
4 24.00 0.00 30.00 0.00 26.00 0.00 28.00 0.00 0.553545
4 0.00 0.00 54.00 0.00 18.00 0.00 36.00 0.00 0.0765309
4 6.00 0.00 48.00 0.00 20.00 0.00 34.00 0.00 0.0844213
4 16.00 0.00 40.00 0.00 24.00 0.00 32.00 0.00 0.120341
4 10.00 0.00 46.00 0.00 22.00 0.00 34.00 0.00 0.0896243
4 22.00 0.00 34.00 0.00 26.00 0.00 30.00 0.00 0.259934
4 4.00 0.00 52.00 0.00 20.00 0.00 36.00 0.00 0.0803357
4 14.00 0.00 44.00 0.00 24.00 0.00 34.00 0.00 0.0989212
4 2.00 0.00 56.00 0.00 20.00 0.00 38.00 0.00 0.0767988
4 26.00 0.00 32.00 0.00 28.00 0.00 30.00 0.00 0.548999
4 8.00 0.00 50.00 0.00 22.00 0.00 36.00 0.00 0.0863637
4 20.00 0.00 38.00 0.00 26.00 0.00 32.00 0.00 0.155892
4 0.00 0.00 60.00 0.00 20.00 0.00 40.00 0.00 0.0749848
4 12.00 0.00 48.00 0.00 24.00 0.00 36.00 0.00 0.094363
4 24.00 0.00 36.00 0.00 28.00 0.00 32.00 0.00 0.245124
4 18.00 0.00 42.00 0.00 26.00 0.00 34.00 0.00 0.111204
4 6.00 0.00 54.00 0.00 22.00 0.00 38.00 0.00 0.0805891
4 28.00 0.00 34.00 0.00 30.00 0.00 32.00 0.00 0.671777
4 4.00 0.00 58.00 0.00 22.00 0.00 40.00 0.00 0.0784316
4 22.00 0.00 40.00 0.00 28.00 0.00 34.00 0.00 0.135391
4 10.00 0.00 52.00 0.00 24.00 0.00 38.00 0.00 0.0875357
4 16.00 0.00 46.00 0.00 26.00 0.00 36.00 0.00 0.100959
4 2.00 0.00 62.00 0.00 22.00 0.00 42.00 0.00 0.0755312
4 26.00 0.00 38.00 0.00 30.00 0.00 34.00 0.00 0.215495
4 20.00 0.00 44.00 0.00 28.00 0.00 36.00 0.00 0.111054
4 8.00 0.00 56.00 0.00 24.00 0.00 40.00 0.00 0.0844965
4 14.00 0.00 50.00 0.00 26.00 0.00 38.00 0.00 0.0943017
4 12.00 0.00 54.00 0.00 26.00 0.00 40.00 0.00 0.0903785
4 18.00 0.00 48.00 0.00 28.00 0.00 38.00 0.00 0.102565
4 6.00 0.00 60.00 0.00 24.00 0.00 42.00 0.00 0.0820178
4 30.00 0.00 36.00 0.00 32.00 0.00 34.00 0.00 0.528645
4 24.00 0.00 42.00 0.00 30.00 0.00 36.00 0.00 0.130849
4 10.00 0.00 58.00 0.00 26.00 0.00 42.00 0.00 0.0889128
4 28.00 0.00 40.00 0.00 32.00 0.00 36.00 0.00 0.234678
4 4.00 0.00 64.00 0.00 24.00 0.00 44.00 0.00 0.0761531
4 22.00 0.00 46.00 0.00 30.00 0.00 38.00 0.00 0.110269
4 16.00 0.00 52.00 0.00 28.00 0.00 40.00 0.00 0.0954441
4 8.00 0.00 62.00 0.00 26.00 0.00 44.00 0.00 0.0815015
4 14.00 0.00 56.00 0.00 28.00 0.00 42.00 0.00 0.0951726
4 32.00 0.00 38.00 0.00 34.00 0.00 36.00 0.00 0.878857
4 20.00 0.00 50.00 0.00 30.00 0.00 40.00 0.00 0.104316
4 26.00 0.00 44.00 0.00 32.00 0.00 38.00 0.00 0.129876
4 24.00 0.00 48.00 0.00 32.00 0.00 40.00 0.00 0.117941
4 30.00 0.00 42.00 0.00 34.00 0.00 38.00 0.00 0.249662
4 6.00 0.00 66.00 0.00 26.00 0.00 46.00 0.00 0.0757514
4 12.00 0.00 60.00 0.00 28.00 0.00 44.00 0.00 0.0897639
4 18.00 0.00 54.00 0.00 30.00 0.00 42.00 0.00 0.100813
4 0.00 0.00 72.00 0.00 24.00 0.00 48.00 0.00 0.0688651
4 10.00 0.00 64.00 0.00 28.00 0.00 46.00 0.00 0.0810715
4 22.00 0.00 52.00 0.00 32.00 0.00 42.00 0.00 0.111039
4 28.00 0.00 46.00 0.00 34.00 0.00 40.00 0.00 0.154359
4 16.00 0.00 58.00 0.00 30.00 0.00 44.00 0.00 0.0957081
4 34.00 0.00 40.00 0.00 36.00 0.00 38.00 0.00 0.708997
4 8.00 0.00 68.00 0.00 28.00 0.00 48.00 0.00 0.0754349
4 20.00 0.00 56.00 0.00 32.00 0.00 44.00 0.00 0.10302
4 32.00 0.00 44.00 0.00 36.00 0.00 40.00 0.00 0.266402
4 2.00 0.00 74.00 0.00 26.00 0.00 50.00 0.00 0.0703433
4 14.00 0.00 62.00 0.00 30.00 0.00 46.00 0.00 0.0870293
4 26.00 0.00 50.00 0.00 34.00 0.00 42.00 0.00 0.133481
4 18.00 0.00 60.00 0.00 32.00 0.00 46.00 0.00 0.0958043
4 30.00 0.00 48.00 0.00 36.00 0.00 42.00 0.00 0.177613
4 12.00 0.00 66.00 0.00 30.00 0.00 48.00 0.00 0.0796577
4 24.00 0.00 54.00 0.00 34.00 0.00 44.00 0.00 0.115947
4 36.00 0.00 42.00 0.00 38.00 0.00 40.00 0.00 0.926471
4 22.00 0.00 58.00 0.00 34.00 0.00 46.00 0.00 0.105822
4 16.00 0.00 64.00 0.00 32.00 0.00 48.00 0.00 0.0850405
4 4.00 0.00 76.00 0.00 28.00 0.00 52.00 0.00 0.0697246
4 28.00 0.00 52.00 0.00 36.00 0.00 44.00 0.00 0.133287
4 10.00 0.00 70.00 0.00 30.00 0.00 50.00 0.00 0.0777859
4 34.00 0.00 46.00 0.00 38.00 0.00 42.00 0.00 0.299829
4 32.00 0.00 50.00 0.00 38.00 0.00 44.00 0.00 0.175817
4 14.00 0.00 68.00 0.00 32.00 0.00 50.00 0.00 0.0823573
4 26.00 0.00 56.00 0.00 36.00 0.00 46.00 0.00 0.114461
4 20.00 0.00 62.00 0.00 34.00 0.00 48.00 0.00 0.0937204
4 38.00 0.00 44.00 0.00 40.00 0.00 42.00 0.00 1.03267
4 18.00 0.00 66.00 0.00 34.00 0.00 50.00 0.00 0.0894383
4 0.00 0.00 84.00 0.00 28.00 0.00 56.00 0.00 0.0633781
4 30.00 0.00 54.00 0.00 38.00 0.00 46.00 0.00 0.131482
4 24.00 0.00 60.00 0.00 36.00 0.00 48.00 0.00 0.101126
4 12.00 0.00 72.00 0.00 32.00 0.00 52.00 0.00 0.0792405
4 6.00 0.00 78.00 0.00 30.00 0.00 54.00 0.00 0.0702503
4 36.00 0.00 48.00 0.00 40.00 0.00 44.00 0.00 0.316235
4 16.00 0.00 70.00 0.00 34.00 0.00 52.00 0.00 0.0844382
4 28.00 0.00 58.00 0.00 38.00 0.00 48.00 0.00 0.112502
4 22.00 0.00 64.00 0.00 36.00 0.00 50.00 0.00 0.0945622
4 40.00 0.00 46.00 0.00 42.00 0.00 44.00 0.00 0.933112
4 34.00 0.00 52.00 0.00 40.00 0.00 46.00 0.00 0.154272
4 32.00 0.00 56.00 0.00 40.00 0.00 48.00 0.00 0.124827
4 26.00 0.00 62.00 0.00 38.00 0.00 50.00 0.00 0.100966
4 14.00 0.00 74.00 0.00 34.00 0.00 54.00 0.00 0.0814734
4 8.00 0.00 80.00 0.00 32.00 0.00 56.00 0.00 0.0691871
4 20.00 0.00 68.00 0.00 36.00 0.00 52.00 0.00 0.0887294
4 38.00 0.00 50.00 0.00 42.00 0.00 46.00 0.00 0.241533
4 2.00 0.00 86.00 0.00 30.00 0.00 58.00 0.00 0.0627391
4 24.00 0.00 66.00 0.00 38.00 0.00 52.00 0.00 0.0932825
4 42.00 0.00 48.00 0.00 44.00 0.00 46.00 0.00 0.954887
4 18.00 0.00 72.00 0.00 36.00 0.00 54.00 0.00 0.0848841
4 30.00 0.00 60.00 0.00 40.00 0.00 50.00 0.00 0.114221
4 36.00 0.00 54.00 0.00 42.00 0.00 48.00 0.00 0.132418
4 10.00 0.00 82.00 0.00 34.00 0.00 58.00 0.00 0.0706724
4 16.00 0.00 76.00 0.00 36.00 0.00 56.00 0.00 0.0786799
4 28.00 0.00 64.00 0.00 40.00 0.00 52.00 0.00 0.0987861
4 22.00 0.00 70.00 0.00 38.00 0.00 54.00 0.00 0.0889762
4 40.00 0.00 52.00 0.00 44.00 0.00 48.00 0.00 0.224658
4 4.00 0.00 88.00 0.00 32.00 0.00 60.00 0.00 0.063027
4 34.00 0.00 58.00 0.00 42.00 0.00 50.00 0.00 0.119619
4 44.00 0.00 50.00 0.00 46.00 0.00 48.00 0.00 0.740043
4 26.00 0.00 68.00 0.00 40.00 0.00 54.00 0.00 0.0920428
4 20.00 0.00 74.00 0.00 38.00 0.00 56.00 0.00 0.0835965
4 38.00 0.00 56.00 0.00 44.00 0.00 50.00 0.00 0.143014
4 32.00 0.00 62.00 0.00 42.00 0.00 52.00 0.00 0.103084
4 0.00 0.00 96.00 0.00 32.00 0.00 64.00 0.00 0.0602012
4 24.00 0.00 72.00 0.00 40.00 0.00 56.00 0.00 0.0863265
4 12.00 0.00 84.00 0.00 36.00 0.00 60.00 0.00 0.0708216
4 36.00 0.00 60.00 0.00 44.00 0.00 52.00 0.00 0.117799
4 42.00 0.00 54.00 0.00 46.00 0.00 50.00 0.00 0.27832
4 18.00 0.00 78.00 0.00 38.00 0.00 58.00 0.00 0.0789471
4 6.00 0.00 90.00 0.00 34.00 0.00 62.00 0.00 0.0667175
4 30.00 0.00 66.00 0.00 42.00 0.00 54.00 0.00 0.0935228
4 46.00 0.00 52.00 0.00 48.00 0.00 50.00 0.00 0.842237
4 22.00 0.00 76.00 0.00 40.00 0.00 58.00 0.00 0.0809997
4 34.00 0.00 64.00 0.00 44.00 0.00 54.00 0.00 0.0996677
4 40.00 0.00 58.00 0.00 46.00 0.00 52.00 0.00 0.148927
4 28.00 0.00 70.00 0.00 42.00 0.00 56.00 0.00 0.0870249
4 44.00 0.00 56.00 0.00 48.00 0.00 52.00 0.00 0.304804
4 8.00 0.00 92.00 0.00 36.00 0.00 64.00 0.00 0.0673817
4 32.00 0.00 68.00 0.00 44.00 0.00 56.00 0.00 0.0908441
4 20.00 0.00 80.00 0.00 40.00 0.00 60.00 0.00 0.0765922
4 2.00 0.00 98.00 0.00 34.00 0.00 66.00 0.00 0.0619191
4 26.00 0.00 74.00 0.00 42.00 0.00 58.00 0.00 0.0826337
4 14.00 0.00 86.00 0.00 38.00 0.00 62.00 0.00 0.0736368
4 38.00 0.00 62.00 0.00 46.00 0.00 54.00 0.00 0.112082
4 24.00 0.00 78.00 0.00 42.00 0.00 60.00 0.00 0.0784928
4 48.00 0.00 54.00 0.00 50.00 0.00 52.00 0.00 0.590584
4 30.00 0.00 72.00 0.00 44.00 0.00 58.00 0.00 0.0868339
4 42.00 0.00 60.00 0.00 48.00 0.00 54.00 0.00 0.16933
4 36.00 0.00 66.00 0.00 46.00 0.00 56.00 0.00 0.0970909
4 4.00 0.00 100.00 0.00 36.00 0.00 68.00 0.00 0.0615067
4 10.00 0.00 94.00 0.00 38.00 0.00 66.00 0.00 0.0677603
4 34.00 0.00 70.00 0.00 46.00 0.00 58.00 0.00 0.0896089
4 22.00 0.00 82.00 0.00 42.00 0.00 62.00 0.00 0.0782821
4 46.00 0.00 58.00 0.00 50.00 0.00 54.00 0.00 0.262114
4 16.00 0.00 88.00 0.00 40.00 0.00 64.00 0.00 0.0731079
4 40.00 0.00 64.00 0.00 48.00 0.00 56.00 0.00 0.114695
4 28.00 0.00 76.00 0.00 44.00 0.00 60.00 0.00 0.0818894
4 50.00 0.00 56.00 0.00 52.00 0.00 54.00 0.00 0.708303
4 44.00 0.00 62.00 0.00 50.00 0.00 56.00 0.00 0.140114
4 32.00 0.00 74.00 0.00 46.00 0.00 60.00 0.00 0.0879724
4 38.00 0.00 68.00 0.00 48.00 0.00 58.00 0.00 0.100086
4 26.00 0.00 80.00 0.00 44.00 0.00 62.00 0.00 0.0810355
4 6.00 0.00 102.00 0.00 38.00 0.00 70.00 0.00 0.0612129
4 48.00 0.00 60.00 0.00 52.00 0.00 56.00 0.00 0.214851
4 36.00 0.00 72.00 0.00 48.00 0.00 60.00 0.00 0.0950237
4 0.00 0.00 108.00 0.00 36.00 0.00 72.00 0.00 0.0552285
4 42.00 0.00 66.00 0.00 50.00 0.00 58.00 0.00 0.112237
4 18.00 0.00 90.00 0.00 42.00 0.00 66.00 0.00 0.0727689
4 30.00 0.00 78.00 0.00 46.00 0.00 62.00 0.00 0.0887065
4 24.00 0.00 84.00 0.00 44.00 0.00 64.00 0.00 0.0784226
4 12.00 0.00 96.00 0.00 40.00 0.00 68.00 0.00 0.0667628
4 46.00 0.00 64.00 0.00 52.00 0.00 58.00 0.00 0.131026
4 52.00 0.00 58.00 0.00 54.00 0.00 56.00 0.00 0.529572
4 40.00 0.00 70.00 0.00 50.00 0.00 60.00 0.00 0.0991687
4 34.00 0.00 76.00 0.00 48.00 0.00 62.00 0.00 0.0951396
4 28.00 0.00 82.00 0.00 46.00 0.00 64.00 0.00 0.0826598
4 2.00 0.00 110.00 0.00 38.00 0.00 74.00 0.00 0.0551495
4 32.00 0.00 80.00 0.00 48.00 0.00 64.00 0.00 0.0896492
4 38.00 0.00 74.00 0.00 50.00 0.00 62.00 0.00 0.101012
4 20.00 0.00 92.00 0.00 44.00 0.00 68.00 0.00 0.0721674
4 26.00 0.00 86.00 0.00 46.00 0.00 66.00 0.00 0.079371
4 14.00 0.00 98.00 0.00 42.00 0.00 70.00 0.00 0.0655508
4 44.00 0.00 68.00 0.00 52.00 0.00 60.00 0.00 0.113546
4 8.00 0.00 104.00 0.00 40.00 0.00 72.00 0.00 0.060155
4 50.00 0.00 62.00 0.00 54.00 0.00 58.00 0.00 0.192517
4 30.00 0.00 84.00 0.00 48.00 0.00 66.00 0.00 0.086199
4 36.00 0.00 78.00 0.00 50.00 0.00 64.00 0.00 0.0955012
4 48.00 0.00 66.00 0.00 54.00 0.00 60.00 0.00 0.123326
4 54.00 0.00 60.00 0.00 56.00 0.00 58.00 0.00 0.577904
4 42.00 0.00 72.00 0.00 52.00 0.00 62.00 0.00 0.114956
4 4.00 0.00 112.00 0.00 40.00 0.00 76.00 0.00 0.0551693
4 46.00 0.00 70.00 0.00 54.00 0.00 62.00 0.00 0.126904
4 28.00 0.00 88.00 0.00 48.00 0.00 68.00 0.00 0.0806486
4 10.00 0.00 106.00 0.00 42.00 0.00 74.00 0.00 0.0591102
4 40.00 0.00 76.00 0.00 52.00 0.00 64.00 0.00 0.102121
4 22.00 0.00 94.00 0.00 46.00 0.00 70.00 0.00 0.0710771
4 52.00 0.00 64.00 0.00 56.00 0.00 60.00 0.00 0.206449
4 34.00 0.00 82.00 0.00 50.00 0.00 66.00 0.00 0.0888338
4 16.00 0.00 100.00 0.00 44.00 0.00 72.00 0.00 0.0645695
4 44.00 0.00 74.00 0.00 54.00 0.00 64.00 0.00 0.116532
4 56.00 0.00 62.00 0.00 58.00 0.00 60.00 0.00 0.436795
4 38.00 0.00 80.00 0.00 52.00 0.00 66.00 0.00 0.0948299
4 50.00 0.00 68.00 0.00 56.00 0.00 62.00 0.00 0.162979
4 32.00 0.00 86.00 0.00 50.00 0.00 68.00 0.00 0.0835512
4 48.00 0.00 72.00 0.00 56.00 0.00 64.00 0.00 0.134051
4 12.00 0.00 108.00 0.00 44.00 0.00 76.00 0.00 0.0597663
4 0.00 0.00 120.00 0.00 40.00 0.00 80.00 0.00 0.0522546
4 24.00 0.00 96.00 0.00 48.00 0.00 72.00 0.00 0.0704408
4 54.00 0.00 66.00 0.00 58.00 0.00 62.00 0.00 0.255196
4 36.00 0.00 84.00 0.00 52.00 0.00 68.00 0.00 0.0890186
4 42.00 0.00 78.00 0.00 54.00 0.00 66.00 0.00 0.107425
4 6.00 0.00 114.00 0.00 42.00 0.00 78.00 0.00 0.0540838
4 18.00 0.00 102.00 0.00 46.00 0.00 74.00 0.00 0.0651163
4 30.00 0.00 90.00 0.00 50.00 0.00 70.00 0.00 0.0790374
4 46.00 0.00 76.00 0.00 56.00 0.00 66.00 0.00 0.121114
4 40.00 0.00 82.00 0.00 54.00 0.00 68.00 0.00 0.0948709
4 34.00 0.00 88.00 0.00 52.00 0.00 70.00 0.00 0.082045
4 58.00 0.00 64.00 0.00 60.00 0.00 62.00 0.00 0.622061
4 52.00 0.00 70.00 0.00 58.00 0.00 64.00 0.00 0.166279
4 44.00 0.00 80.00 0.00 56.00 0.00 68.00 0.00 0.106361
4 38.00 0.00 86.00 0.00 54.00 0.00 70.00 0.00 0.0870573
4 20.00 0.00 104.00 0.00 48.00 0.00 76.00 0.00 0.0666496
4 26.00 0.00 98.00 0.00 50.00 0.00 74.00 0.00 0.0700453
4 56.00 0.00 68.00 0.00 60.00 0.00 64.00 0.00 0.240791
4 8.00 0.00 116.00 0.00 44.00 0.00 80.00 0.00 0.05508
4 50.00 0.00 74.00 0.00 58.00 0.00 66.00 0.00 0.143436
4 32.00 0.00 92.00 0.00 52.00 0.00 72.00 0.00 0.0779534
4 14.00 0.00 110.00 0.00 46.00 0.00 78.00 0.00 0.0598413
4 2.00 0.00 122.00 0.00 42.00 0.00 82.00 0.00 0.0513951
4 42.00 0.00 84.00 0.00 56.00 0.00 70.00 0.00 0.0981938
4 60.00 0.00 66.00 0.00 62.00 0.00 64.00 0.00 0.392591
4 36.00 0.00 90.00 0.00 54.00 0.00 72.00 0.00 0.0809578
4 54.00 0.00 72.00 0.00 60.00 0.00 66.00 0.00 0.175783
4 48.00 0.00 78.00 0.00 58.00 0.00 68.00 0.00 0.120807
4 40.00 0.00 88.00 0.00 56.00 0.00 72.00 0.00 0.0878346
4 22.00 0.00 106.00 0.00 50.00 0.00 78.00 0.00 0.0651506
4 16.00 0.00 112.00 0.00 48.00 0.00 80.00 0.00 0.0613769
4 58.00 0.00 70.00 0.00 62.00 0.00 66.00 0.00 0.206439
4 34.00 0.00 94.00 0.00 54.00 0.00 74.00 0.00 0.0764069
4 10.00 0.00 118.00 0.00 46.00 0.00 82.00 0.00 0.0550784
4 52.00 0.00 76.00 0.00 60.00 0.00 68.00 0.00 0.138427
4 46.00 0.00 82.00 0.00 58.00 0.00 70.00 0.00 0.105739
4 28.00 0.00 100.00 0.00 52.00 0.00 76.00 0.00 0.0718689
4 4.00 0.00 124.00 0.00 44.00 0.00 84.00 0.00 0.0509903
4 38.00 0.00 92.00 0.00 56.00 0.00 74.00 0.00 0.0831261
4 62.00 0.00 68.00 0.00 64.00 0.00 66.00 0.00 0.624775
4 50.00 0.00 80.00 0.00 60.00 0.00 70.00 0.00 0.117213
4 56.00 0.00 74.00 0.00 62.00 0.00 68.00 0.00 0.143721
4 44.00 0.00 86.00 0.00 58.00 0.00 72.00 0.00 0.0962419
4 36.00 0.00 96.00 0.00 56.00 0.00 76.00 0.00 0.0792723
4 24.00 0.00 108.00 0.00 52.00 0.00 80.00 0.00 0.0661505
4 60.00 0.00 72.00 0.00 64.00 0.00 68.00 0.00 0.213375
4 30.00 0.00 102.00 0.00 54.00 0.00 78.00 0.00 0.0714381
4 6.00 0.00 126.00 0.00 46.00 0.00 86.00 0.00 0.0514757
4 54.00 0.00 78.00 0.00 62.00 0.00 70.00 0.00 0.123397
4 48.00 0.00 84.00 0.00 60.00 0.00 72.00 0.00 0.102436
4 18.00 0.00 114.00 0.00 50.00 0.00 82.00 0.00 0.0601946
4 42.00 0.00 90.00 0.00 58.00 0.00 74.00 0.00 0.0907935
4 12.00 0.00 120.00 0.00 48.00 0.00 84.00 0.00 0.0554597
4 58.00 0.00 76.00 0.00 64.00 0.00 70.00 0.00 0.13271
4 52.00 0.00 82.00 0.00 62.00 0.00 72.00 0.00 0.103718
4 64.00 0.00 70.00 0.00 66.00 0.00 68.00 0.00 0.529624
4 46.00 0.00 88.00 0.00 60.00 0.00 74.00 0.00 0.0966691
4 40.00 0.00 94.00 0.00 58.00 0.00 76.00 0.00 0.0853192
4 32.00 0.00 104.00 0.00 56.00 0.00 80.00 0.00 0.0739073
4 50.00 0.00 86.00 0.00 62.00 0.00 74.00 0.00 0.0959175
4 20.00 0.00 116.00 0.00 52.00 0.00 84.00 0.00 0.0595608
4 14.00 0.00 122.00 0.00 50.00 0.00 86.00 0.00 0.0557635
4 62.00 0.00 74.00 0.00 66.00 0.00 70.00 0.00 0.218627
4 44.00 0.00 92.00 0.00 60.00 0.00 76.00 0.00 0.0941339
4 56.00 0.00 80.00 0.00 64.00 0.00 72.00 0.00 0.110207
4 38.00 0.00 98.00 0.00 58.00 0.00 78.00 0.00 0.0801172
4 26.00 0.00 110.00 0.00 54.00 0.00 82.00 0.00 0.0651211
4 60.00 0.00 78.00 0.00 66.00 0.00 72.00 0.00 0.126622
4 48.00 0.00 90.00 0.00 62.00 0.00 76.00 0.00 0.0930586
4 66.00 0.00 72.00 0.00 68.00 0.00 70.00 0.00 0.617845
4 42.00 0.00 96.00 0.00 60.00 0.00 78.00 0.00 0.085513
4 54.00 0.00 84.00 0.00 64.00 0.00 74.00 0.00 0.104269
4 34.00 0.00 106.00 0.00 58.00 0.00 82.00 0.00 0.0725753
4 46.00 0.00 94.00 0.00 62.00 0.00 78.00 0.00 0.0867789
4 16.00 0.00 124.00 0.00 52.00 0.00 88.00 0.00 0.0554307
4 58.00 0.00 82.00 0.00 66.00 0.00 74.00 0.00 0.107944
4 28.00 0.00 112.00 0.00 56.00 0.00 84.00 0.00 0.065157
4 64.00 0.00 76.00 0.00 68.00 0.00 72.00 0.00 0.202658
4 52.00 0.00 88.00 0.00 64.00 0.00 76.00 0.00 0.0991789
4 40.00 0.00 100.00 0.00 60.00 0.00 80.00 0.00 0.0836432
4 22.00 0.00 118.00 0.00 54.00 0.00 86.00 0.00 0.0596453
4 68.00 0.00 74.00 0.00 70.00 0.00 72.00 0.00 0.598877
4 50.00 0.00 92.00 0.00 64.00 0.00 78.00 0.00 0.0933934
4 62.00 0.00 80.00 0.00 68.00 0.00 74.00 0.00 0.137852
4 56.00 0.00 86.00 0.00 66.00 0.00 76.00 0.00 0.103611
4 44.00 0.00 98.00 0.00 62.00 0.00 80.00 0.00 0.0851436
4 18.00 0.00 126.00 0.00 54.00 0.00 90.00 0.00 0.0549834
4 30.00 0.00 114.00 0.00 58.00 0.00 86.00 0.00 0.0657913
4 66.00 0.00 78.00 0.00 70.00 0.00 74.00 0.00 0.24226
4 24.00 0.00 120.00 0.00 56.00 0.00 88.00 0.00 0.0598736
4 60.00 0.00 84.00 0.00 68.00 0.00 76.00 0.00 0.118635
4 48.00 0.00 96.00 0.00 64.00 0.00 80.00 0.00 0.0881659
4 54.00 0.00 90.00 0.00 66.00 0.00 78.00 0.00 0.0965336
4 42.00 0.00 102.00 0.00 62.00 0.00 82.00 0.00 0.0799257
4 36.00 0.00 108.00 0.00 60.00 0.00 84.00 0.00 0.0719161
4 64.00 0.00 82.00 0.00 70.00 0.00 76.00 0.00 0.154708
4 52.00 0.00 94.00 0.00 66.00 0.00 80.00 0.00 0.0942236
4 58.00 0.00 88.00 0.00 68.00 0.00 78.00 0.00 0.103437
4 46.00 0.00 100.00 0.00 64.00 0.00 82.00 0.00 0.0839231
4 70.00 0.00 76.00 0.00 72.00 0.00 74.00 0.00 0.584181
4 62.00 0.00 86.00 0.00 70.00 0.00 78.00 0.00 0.123074
4 50.00 0.00 98.00 0.00 66.00 0.00 82.00 0.00 0.087169
4 32.00 0.00 116.00 0.00 60.00 0.00 88.00 0.00 0.0653469
4 44.00 0.00 104.00 0.00 64.00 0.00 84.00 0.00 0.078355
4 68.00 0.00 80.00 0.00 72.00 0.00 76.00 0.00 0.269487
4 56.00 0.00 92.00 0.00 68.00 0.00 80.00 0.00 0.102128
4 38.00 0.00 110.00 0.00 62.00 0.00 86.00 0.00 0.069708
4 26.00 0.00 122.00 0.00 58.00 0.00 90.00 0.00 0.0600779
4 48.00 0.00 102.00 0.00 66.00 0.00 84.00 0.00 0.0809252
4 66.00 0.00 84.00 0.00 72.00 0.00 78.00 0.00 0.164149
4 72.00 0.00 78.00 0.00 74.00 0.00 76.00 0.00 0.842944
4 60.00 0.00 90.00 0.00 70.00 0.00 80.00 0.00 0.112345
4 54.00 0.00 96.00 0.00 68.00 0.00 82.00 0.00 0.0922684
4 46.00 0.00 106.00 0.00 66.00 0.00 86.00 0.00 0.0777598
4 28.00 0.00 124.00 0.00 60.00 0.00 92.00 0.00 0.0598392
4 64.00 0.00 88.00 0.00 72.00 0.00 80.00 0.00 0.138794
4 58.00 0.00 94.00 0.00 70.00 0.00 82.00 0.00 0.0985239
4 40.00 0.00 112.00 0.00 64.00 0.00 88.00 0.00 0.0689504
4 70.00 0.00 82.00 0.00 74.00 0.00 78.00 0.00 0.24776
4 52.00 0.00 100.00 0.00 68.00 0.00 84.00 0.00 0.087478
4 34.00 0.00 118.00 0.00 62.00 0.00 90.00 0.00 0.0622287
4 74.00 0.00 80.00 0.00 76.00 0.00 78.00 0.00 0.520346
4 62.00 0.00 92.00 0.00 72.00 0.00 82.00 0.00 0.119239
4 50.00 0.00 104.00 0.00 68.00 0.00 86.00 0.00 0.0830332
4 56.00 0.00 98.00 0.00 70.00 0.00 84.00 0.00 0.092194
4 68.00 0.00 86.00 0.00 74.00 0.00 80.00 0.00 0.169403
4 36.00 0.00 120.00 0.00 64.00 0.00 92.00 0.00 0.0619164
4 60.00 0.00 96.00 0.00 72.00 0.00 84.00 0.00 0.0987069
4 42.00 0.00 114.00 0.00 66.00 0.00 90.00 0.00 0.0681083
4 72.00 0.00 84.00 0.00 76.00 0.00 80.00 0.00 0.255507
4 54.00 0.00 102.00 0.00 70.00 0.00 86.00 0.00 0.089779
4 30.00 0.00 126.00 0.00 62.00 0.00 94.00 0.00 0.0588123
4 66.00 0.00 90.00 0.00 74.00 0.00 82.00 0.00 0.1366
4 48.00 0.00 108.00 0.00 68.00 0.00 88.00 0.00 0.0768499
4 76.00 0.00 82.00 0.00 78.00 0.00 80.00 0.00 0.932233
4 58.00 0.00 100.00 0.00 72.00 0.00 86.00 0.00 0.0967776
4 70.00 0.00 88.00 0.00 76.00 0.00 82.00 0.00 0.151061
4 52.00 0.00 106.00 0.00 70.00 0.00 88.00 0.00 0.0829552
4 64.00 0.00 94.00 0.00 74.00 0.00 84.00 0.00 0.115625
4 74.00 0.00 86.00 0.00 78.00 0.00 82.00 0.00 0.250256
4 56.00 0.00 104.00 0.00 72.00 0.00 88.00 0.00 0.0897181
4 38.00 0.00 122.00 0.00 66.00 0.00 94.00 0.00 0.0627167
4 62.00 0.00 98.00 0.00 74.00 0.00 86.00 0.00 0.107007
4 50.00 0.00 110.00 0.00 70.00 0.00 90.00 0.00 0.0773305
4 68.00 0.00 92.00 0.00 76.00 0.00 84.00 0.00 0.129494
4 44.00 0.00 116.00 0.00 68.00 0.00 92.00 0.00 0.0681121
4 54.00 0.00 108.00 0.00 72.00 0.00 90.00 0.00 0.0832327
4 78.00 0.00 84.00 0.00 80.00 0.00 82.00 0.00 0.58705
4 72.00 0.00 90.00 0.00 78.00 0.00 84.00 0.00 0.152987
4 60.00 0.00 102.00 0.00 74.00 0.00 88.00 0.00 0.0962874
4 66.00 0.00 96.00 0.00 76.00 0.00 86.00 0.00 0.11476
4 52.00 0.00 112.00 0.00 72.00 0.00 92.00 0.00 0.0777488
4 76.00 0.00 88.00 0.00 80.00 0.00 84.00 0.00 0.234767
4 70.00 0.00 94.00 0.00 78.00 0.00 86.00 0.00 0.132827
4 64.00 0.00 100.00 0.00 76.00 0.00 88.00 0.00 0.105098
4 58.00 0.00 106.00 0.00 74.00 0.00 90.00 0.00 0.0881234
4 40.00 0.00 124.00 0.00 68.00 0.00 96.00 0.00 0.063742
4 46.00 0.00 118.00 0.00 70.00 0.00 94.00 0.00 0.0695492
4 74.00 0.00 92.00 0.00 80.00 0.00 86.00 0.00 0.150622
4 68.00 0.00 98.00 0.00 78.00 0.00 88.00 0.00 0.117017
4 62.00 0.00 104.00 0.00 76.00 0.00 90.00 0.00 0.0956776
4 80.00 0.00 86.00 0.00 82.00 0.00 84.00 0.00 0.699909
4 56.00 0.00 110.00 0.00 74.00 0.00 92.00 0.00 0.0817512
4 72.00 0.00 96.00 0.00 80.00 0.00 88.00 0.00 0.116022
4 66.00 0.00 102.00 0.00 78.00 0.00 90.00 0.00 0.106131
4 48.00 0.00 120.00 0.00 72.00 0.00 96.00 0.00 0.0710034
4 60.00 0.00 108.00 0.00 76.00 0.00 92.00 0.00 0.0851148
4 42.00 0.00 126.00 0.00 70.00 0.00 98.00 0.00 0.0639061
4 78.00 0.00 90.00 0.00 82.00 0.00 86.00 0.00 0.255786
4 54.00 0.00 114.00 0.00 74.00 0.00 94.00 0.00 0.0790917
4 76.00 0.00 94.00 0.00 82.00 0.00 88.00 0.00 0.153156
4 64.00 0.00 106.00 0.00 78.00 0.00 92.00 0.00 0.0957764
4 58.00 0.00 112.00 0.00 76.00 0.00 94.00 0.00 0.08116
4 82.00 0.00 88.00 0.00 84.00 0.00 86.00 0.00 0.728704
4 70.00 0.00 100.00 0.00 80.00 0.00 90.00 0.00 0.107907
4 68.00 0.00 104.00 0.00 80.00 0.00 92.00 0.00 0.0977486
4 74.00 0.00 98.00 0.00 82.00 0.00 90.00 0.00 0.119845
4 62.00 0.00 110.00 0.00 78.00 0.00 94.00 0.00 0.0906621
4 56.00 0.00 116.00 0.00 76.00 0.00 96.00 0.00 0.0777382
4 80.00 0.00 92.00 0.00 84.00 0.00 88.00 0.00 0.276863
4 50.00 0.00 122.00 0.00 74.00 0.00 98.00 0.00 0.0711343
4 84.00 0.00 90.00 0.00 86.00 0.00 88.00 0.00 0.63798
4 66.00 0.00 108.00 0.00 80.00 0.00 94.00 0.00 0.0941992
4 60.00 0.00 114.00 0.00 78.00 0.00 96.00 0.00 0.0827145
4 78.00 0.00 96.00 0.00 84.00 0.00 90.00 0.00 0.143418
4 72.00 0.00 102.00 0.00 82.00 0.00 92.00 0.00 0.106847
4 82.00 0.00 94.00 0.00 86.00 0.00 90.00 0.00 0.209884
4 64.00 0.00 112.00 0.00 80.00 0.00 96.00 0.00 0.0879739
4 76.00 0.00 100.00 0.00 84.00 0.00 92.00 0.00 0.126009
4 58.00 0.00 118.00 0.00 78.00 0.00 98.00 0.00 0.076412
4 52.00 0.00 124.00 0.00 76.00 0.00 100.00 0.00 0.0697235
4 70.00 0.00 106.00 0.00 82.00 0.00 94.00 0.00 0.101704
4 86.00 0.00 92.00 0.00 88.00 0.00 90.00 0.00 0.714958
4 62.00 0.00 116.00 0.00 80.00 0.00 98.00 0.00 0.0799837
4 74.00 0.00 104.00 0.00 84.00 0.00 94.00 0.00 0.113286
4 80.00 0.00 98.00 0.00 86.00 0.00 92.00 0.00 0.142239
4 68.00 0.00 110.00 0.00 82.00 0.00 96.00 0.00 0.0962913
4 78.00 0.00 102.00 0.00 86.00 0.00 94.00 0.00 0.127132
4 84.00 0.00 96.00 0.00 88.00 0.00 92.00 0.00 0.195366
4 72.00 0.00 108.00 0.00 84.00 0.00 96.00 0.00 0.103396
4 60.00 0.00 120.00 0.00 80.00 0.00 100.00 0.00 0.0735067
4 54.00 0.00 126.00 0.00 78.00 0.00 102.00 0.00 0.0705478
4 66.00 0.00 114.00 0.00 82.00 0.00 98.00 0.00 0.0873586
4 82.00 0.00 100.00 0.00 88.00 0.00 94.00 0.00 0.153471
4 76.00 0.00 106.00 0.00 86.00 0.00 96.00 0.00 0.115316
4 64.00 0.00 118.00 0.00 82.00 0.00 100.00 0.00 0.0803821
4 88.00 0.00 94.00 0.00 90.00 0.00 92.00 0.00 0.60075
4 70.00 0.00 112.00 0.00 84.00 0.00 98.00 0.00 0.0939167
4 80.00 0.00 104.00 0.00 88.00 0.00 96.00 0.00 0.134622
4 62.00 0.00 122.00 0.00 82.00 0.00 102.00 0.00 0.0776805
4 68.00 0.00 116.00 0.00 84.00 0.00 100.00 0.00 0.086926
4 74.00 0.00 110.00 0.00 86.00 0.00 98.00 0.00 0.0985157
4 86.00 0.00 98.00 0.00 90.00 0.00 94.00 0.00 0.249192
4 90.00 0.00 96.00 0.00 92.00 0.00 94.00 0.00 0.650038
4 84.00 0.00 102.00 0.00 90.00 0.00 96.00 0.00 0.164182
4 72.00 0.00 114.00 0.00 86.00 0.00 100.00 0.00 0.0899729
4 78.00 0.00 108.00 0.00 88.00 0.00 98.00 0.00 0.110783
4 66.00 0.00 120.00 0.00 84.00 0.00 102.00 0.00 0.0827975
4 88.00 0.00 100.00 0.00 92.00 0.00 96.00 0.00 0.288948
4 76.00 0.00 112.00 0.00 88.00 0.00 100.00 0.00 0.0996062
4 82.00 0.00 106.00 0.00 90.00 0.00 98.00 0.00 0.127684
4 70.00 0.00 118.00 0.00 86.00 0.00 102.00 0.00 0.0858141
4 64.00 0.00 124.00 0.00 84.00 0.00 104.00 0.00 0.0800784
4 86.00 0.00 104.00 0.00 92.00 0.00 98.00 0.00 0.161996
4 92.00 0.00 98.00 0.00 94.00 0.00 96.00 0.00 0.655011
4 80.00 0.00 110.00 0.00 90.00 0.00 100.00 0.00 0.113449
4 74.00 0.00 116.00 0.00 88.00 0.00 102.00 0.00 0.091865
4 68.00 0.00 122.00 0.00 86.00 0.00 104.00 0.00 0.0838886
4 90.00 0.00 102.00 0.00 94.00 0.00 98.00 0.00 0.232324
4 72.00 0.00 120.00 0.00 88.00 0.00 104.00 0.00 0.0876572
4 66.00 0.00 126.00 0.00 86.00 0.00 106.00 0.00 0.0803602
4 84.00 0.00 108.00 0.00 92.00 0.00 100.00 0.00 0.12667
4 78.00 0.00 114.00 0.00 90.00 0.00 102.00 0.00 0.101387
4 70.00 0.00 124.00 0.00 88.00 0.00 106.00 0.00 0.0849488
4 76.00 0.00 118.00 0.00 90.00 0.00 104.00 0.00 0.096563
4 88.00 0.00 106.00 0.00 94.00 0.00 100.00 0.00 0.146384
4 94.00 0.00 100.00 0.00 96.00 0.00 98.00 0.00 0.576314
4 82.00 0.00 112.00 0.00 92.00 0.00 102.00 0.00 0.114532
4 92.00 0.00 104.00 0.00 96.00 0.00 100.00 0.00 0.208508
4 74.00 0.00 122.00 0.00 90.00 0.00 106.00 0.00 0.0911383
4 86.00 0.00 110.00 0.00 94.00 0.00 102.00 0.00 0.124794
4 80.00 0.00 116.00 0.00 92.00 0.00 104.00 0.00 0.107288
4 90.00 0.00 108.00 0.00 96.00 0.00 102.00 0.00 0.139028
4 72.00 0.00 126.00 0.00 90.00 0.00 108.00 0.00 0.0857428
4 84.00 0.00 114.00 0.00 94.00 0.00 104.00 0.00 0.111495
4 96.00 0.00 102.00 0.00 98.00 0.00 100.00 0.00 0.737457
4 78.00 0.00 120.00 0.00 92.00 0.00 106.00 0.00 0.0988996
4 88.00 0.00 112.00 0.00 96.00 0.00 104.00 0.00 0.122776
4 94.00 0.00 106.00 0.00 98.00 0.00 102.00 0.00 0.258352
4 76.00 0.00 124.00 0.00 92.00 0.00 108.00 0.00 0.0944176
4 82.00 0.00 118.00 0.00 94.00 0.00 106.00 0.00 0.103277
4 80.00 0.00 122.00 0.00 94.00 0.00 108.00 0.00 0.100067
4 86.00 0.00 116.00 0.00 96.00 0.00 106.00 0.00 0.11102
4 98.00 0.00 104.00 0.00 100.00 0.00 102.00 0.00 0.785496
4 92.00 0.00 110.00 0.00 98.00 0.00 104.00 0.00 0.15327
4 84.00 0.00 120.00 0.00 96.00 0.00 108.00 0.00 0.101632
4 78.00 0.00 126.00 0.00 94.00 0.00 110.00 0.00 0.0916865
4 96.00 0.00 108.00 0.00 100.00 0.00 104.00 0.00 0.293666
4 90.00 0.00 114.00 0.00 98.00 0.00 106.00 0.00 0.127884
4 82.00 0.00 124.00 0.00 96.00 0.00 110.00 0.00 0.0972946
4 100.00 0.00 106.00 0.00 102.00 0.00 104.00 0.00 0.850078
4 94.00 0.00 112.00 0.00 100.00 0.00 106.00 0.00 0.165536
4 88.00 0.00 118.00 0.00 98.00 0.00 108.00 0.00 0.115141
4 98.00 0.00 110.00 0.00 102.00 0.00 106.00 0.00 0.278797
4 92.00 0.00 116.00 0.00 100.00 0.00 108.00 0.00 0.130866
4 86.00 0.00 122.00 0.00 98.00 0.00 110.00 0.00 0.107465
4 102.00 0.00 108.00 0.00 104.00 0.00 106.00 0.00 0.792941
4 96.00 0.00 114.00 0.00 102.00 0.00 108.00 0.00 0.167348
4 90.00 0.00 120.00 0.00 100.00 0.00 110.00 0.00 0.117143
4 84.00 0.00 126.00 0.00 98.00 0.00 112.00 0.00 0.0994006
4 100.00 0.00 112.00 0.00 104.00 0.00 108.00 0.00 0.263227
4 88.00 0.00 124.00 0.00 100.00 0.00 112.00 0.00 0.109169
4 94.00 0.00 118.00 0.00 102.00 0.00 110.00 0.00 0.132352
4 98.00 0.00 116.00 0.00 104.00 0.00 110.00 0.00 0.155104
4 92.00 0.00 122.00 0.00 102.00 0.00 112.00 0.00 0.118382
4 104.00 0.00 110.00 0.00 106.00 0.00 108.00 0.00 0.800667
4 96.00 0.00 120.00 0.00 104.00 0.00 112.00 0.00 0.132196
4 90.00 0.00 126.00 0.00 102.00 0.00 114.00 0.00 0.107548
4 102.00 0.00 114.00 0.00 106.00 0.00 110.00 0.00 0.264343
4 94.00 0.00 124.00 0.00 104.00 0.00 114.00 0.00 0.117373
4 100.00 0.00 118.00 0.00 106.00 0.00 112.00 0.00 0.152135
4 106.00 0.00 112.00 0.00 108.00 0.00 110.00 0.00 0.685353
4 98.00 0.00 122.00 0.00 106.00 0.00 114.00 0.00 0.130538
4 104.00 0.00 116.00 0.00 108.00 0.00 112.00 0.00 0.256497
4 108.00 0.00 114.00 0.00 110.00 0.00 112.00 0.00 0.641966
4 102.00 0.00 120.00 0.00 108.00 0.00 114.00 0.00 0.154574
4 96.00 0.00 126.00 0.00 106.00 0.00 116.00 0.00 0.115622
4 106.00 0.00 118.00 0.00 110.00 0.00 114.00 0.00 0.248857
4 100.00 0.00 124.00 0.00 108.00 0.00 116.00 0.00 0.127037
4 104.00 0.00 122.00 0.00 110.00 0.00 116.00 0.00 0.161459
4 110.00 0.00 116.00 0.00 112.00 0.00 114.00 0.00 0.586579
4 102.00 0.00 126.00 0.00 110.00 0.00 118.00 0.00 0.125718
4 108.00 0.00 120.00 0.00 112.00 0.00 116.00 0.00 0.236582
4 106.00 0.00 124.00 0.00 112.00 0.00 118.00 0.00 0.156225
4 112.00 0.00 118.00 0.00 114.00 0.00 116.00 0.00 0.521749
4 110.00 0.00 122.00 0.00 114.00 0.00 118.00 0.00 0.245815
4 108.00 0.00 126.00 0.00 114.00 0.00 120.00 0.00 0.145562
4 114.00 0.00 120.00 0.00 116.00 0.00 118.00 0.00 0.553029
4 112.00 0.00 124.00 0.00 116.00 0.00 120.00 0.00 0.234296
4 116.00 0.00 122.00 0.00 118.00 0.00 120.00 0.00 0.651192
4 114.00 0.00 126.00 0.00 118.00 0.00 122.00 0.00 0.185757
4 118.00 0.00 124.00 0.00 120.00 0.00 122.00 0.00 0.494456
4 120.00 0.00 126.00 0.00 122.00 0.00 124.00 0.00 0.656924
0
0
0
0
0
0
