0.081537619233 -0.120741277933 -8.8979999e-05 
0.081579692661625 -0.11086802184575001 -0.00011389999925000001 
0.0816257104741836 -0.10006914800032032 -0.0001411562495234375 
0.08167230350939918 -0.08913528823182276 -0.00016875320292529297 
0.08171646982403061 -0.0787709003262678 -0.00019491281500413514 
0.08175590403352295 -0.06951698255345085 -0.00021826961150310135 
0.08180026751920186 -0.059106325059031774 -0.00024454600756443833 
0.0818464794834507 -0.04826189016901192 -0.0002719172534616644 
0.08188557811065625 -0.039086758974312505 -0.0002774915634375 
0.08192964247419922 -0.028746436714148442 -0.0002354538678828125 
0.08196819879229932 -0.019698654736504888 -0.00019867088427246094 
0.0820103697652213 -0.00980264319845725 -0.00015843949594863892 
0.08205306787530481 0.00021706848381598375 -0.00011770521527076913 
0.0820993241612286 0.011071756139611987 -7.357641120307685e-05 
0.08214268942928216 0.021248025816920743 -3.220565738961533e-05 
0.0821844284997837 0.03104268538133042 7.613693155841374e-06 
0.08222467688919592 0.0404875356755826 4.601092403896034e-05 
0.08226612140465625 0.050213058362468754 0.00010040406518749999 
0.08230845594549122 0.060147430154583015 0.00016322843297070312 
0.08235131966808662 0.0702059815940987 0.00022683810535119629 
0.08239775536756497 0.08110274565357403 0.0002957485837633972 
0.08244128883582591 0.09131846195933213 0.00036035215727483555 
0.08248318979902708 0.10115108890362433 0.000422533096779595 
0.08252359429925676 0.11063255059990608 0.0004824932884448987 
0.08256723103103124 0.1208728800995 0.0005010100182499999 
0.08261279813446384 0.1315663918577031 0.0004987897046171874 
0.08265893482668937 0.1423935725128838 0.0004965416370639648 
0.08270266856619482 0.15265683750894044 0.0004944106563624724 
0.08274171654789611 0.1618204669697053 0.0004925079950218543 
0.08278564552731006 0.1721295501130658 0.000490367501013659 
0.08283140488086627 0.18286817838739966 0.00048813781975512216 
0.082858860493 0.189311355352 0.000486800011 
