Project6 ALL64_2
4.00
11
11
Type of measurement (0=app.resistivity,1=resistance)
1
1443
2
0
4 0.00 0.00 4.00 0.00 12.00 0.00 8.00 0.00 0.231255
4 0.00 0.00 4.00 0.00 16.00 0.00 12.00 0.00 0.0101872
4 0.00 0.00 4.00 0.00 20.00 0.00 16.00 0.00 0.0208915
4 4.00 0.00 8.00 0.00 16.00 0.00 12.00 0.00 0.233175
4 0.00 0.00 4.00 0.00 24.00 0.00 20.00 0.00 0.0027866
4 4.00 0.00 8.00 0.00 20.00 0.00 16.00 0.00 0.0281229
4 0.00 0.00 4.00 0.00 28.00 0.00 24.00 0.00 0.00243145
4 4.00 0.00 8.00 0.00 24.00 0.00 20.00 0.00 0.0199415
4 8.00 0.00 12.00 0.00 20.00 0.00 16.00 0.00 0.196007
4 0.00 0.00 4.00 0.00 32.00 0.00 28.00 0.00 0.00453884
4 4.00 0.00 8.00 0.00 28.00 0.00 24.00 0.00 0.00870169
4 8.00 0.00 12.00 0.00 24.00 0.00 20.00 0.00 0.0707381
4 4.00 0.00 8.00 0.00 32.00 0.00 28.00 0.00 0.00648322
4 8.00 0.00 12.00 0.00 28.00 0.00 24.00 0.00 0.0237669
4 12.00 0.00 16.00 0.00 24.00 0.00 20.00 0.00 0.248265
4 4.00 0.00 8.00 0.00 36.00 0.00 32.00 0.00 0.00468585
4 8.00 0.00 12.00 0.00 32.00 0.00 28.00 0.00 0.015091
4 12.00 0.00 16.00 0.00 28.00 0.00 24.00 0.00 0.0429869
4 0.00 0.00 8.00 0.00 40.00 0.00 32.00 0.00 0.0132867
4 8.00 0.00 12.00 0.00 36.00 0.00 32.00 0.00 0.0101689
4 12.00 0.00 16.00 0.00 32.00 0.00 28.00 0.00 0.023462
4 16.00 0.00 20.00 0.00 28.00 0.00 24.00 0.00 0.113941
4 0.00 0.00 12.00 0.00 48.00 0.00 36.00 0.00 0.0277369
4 16.00 0.00 20.00 0.00 32.00 0.00 28.00 0.00 0.0375413
4 4.00 0.00 12.00 0.00 44.00 0.00 36.00 0.00 0.0155636
4 8.00 0.00 12.00 0.00 40.00 0.00 36.00 0.00 0.00608593
4 0.00 0.00 8.00 0.00 48.00 0.00 40.00 0.00 -0.00188
4 12.00 0.00 16.00 0.00 36.00 0.00 32.00 0.00 0.0140598
4 16.00 0.00 20.00 0.00 36.00 0.00 32.00 0.00 0.0182156
4 20.00 0.00 24.00 0.00 32.00 0.00 28.00 0.00 0.205281
4 12.00 0.00 16.00 0.00 40.00 0.00 36.00 0.00 0.00788417
4 8.00 0.00 16.00 0.00 48.00 0.00 40.00 0.00 0.0387565
4 16.00 0.00 20.00 0.00 40.00 0.00 36.00 0.00 0.00921059
4 4.00 0.00 12.00 0.00 52.00 0.00 44.00 0.00 -0.0105342
4 0.00 0.00 8.00 0.00 56.00 0.00 48.00 0.00 0.0274337
4 4.00 0.00 16.00 0.00 52.00 0.00 40.00 0.00 0.0489393
4 20.00 0.00 24.00 0.00 36.00 0.00 32.00 0.00 0.0581011
4 12.00 0.00 16.00 0.00 44.00 0.00 40.00 0.00 0.00545083
4 16.00 0.00 20.00 0.00 44.00 0.00 40.00 0.00 0.00580888
4 24.00 0.00 28.00 0.00 36.00 0.00 32.00 0.00 0.165308
4 20.00 0.00 24.00 0.00 40.00 0.00 36.00 0.00 0.0237639
4 8.00 0.00 16.00 0.00 56.00 0.00 48.00 0.00 0.0115383
4 24.00 0.00 28.00 0.00 40.00 0.00 36.00 0.00 0.0409502
4 4.00 0.00 12.00 0.00 60.00 0.00 52.00 0.00 0.0590419
4 0.00 0.00 8.00 0.00 64.00 0.00 56.00 0.00 0.010427
4 8.00 0.00 20.00 0.00 56.00 0.00 44.00 0.00 0.0784373
4 20.00 0.00 24.00 0.00 44.00 0.00 40.00 0.00 0.0123891
4 16.00 0.00 20.00 0.00 48.00 0.00 44.00 0.00 0.00848253
4 12.00 0.00 20.00 0.00 52.00 0.00 44.00 0.00 0.0784047
4 28.00 0.00 32.00 0.00 40.00 0.00 36.00 0.00 0.171309
4 20.00 0.00 24.00 0.00 48.00 0.00 44.00 0.00 0.0179807
4 24.00 0.00 28.00 0.00 44.00 0.00 40.00 0.00 0.0173629
4 28.00 0.00 32.00 0.00 44.00 0.00 40.00 0.00 0.0447772
4 24.00 0.00 28.00 0.00 48.00 0.00 44.00 0.00 0.0223425
4 0.00 0.00 12.00 0.00 72.00 0.00 60.00 0.00 0.0134766
4 20.00 0.00 24.00 0.00 52.00 0.00 48.00 0.00 0.0163094
4 12.00 0.00 20.00 0.00 60.00 0.00 52.00 0.00 -0.0144658
4 16.00 0.00 24.00 0.00 56.00 0.00 48.00 0.00 0.0697504
4 8.00 0.00 16.00 0.00 64.00 0.00 56.00 0.00 0.0133826
4 4.00 0.00 12.00 0.00 68.00 0.00 60.00 0.00 0.00927765
4 12.00 0.00 24.00 0.00 60.00 0.00 48.00 0.00 0.0828906
4 32.00 0.00 36.00 0.00 44.00 0.00 40.00 0.00 0.187573
4 28.00 0.00 32.00 0.00 48.00 0.00 44.00 0.00 0.0487337
4 24.00 0.00 28.00 0.00 52.00 0.00 48.00 0.00 0.0183804
4 20.00 0.00 28.00 0.00 60.00 0.00 52.00 0.00 0.0580806
4 16.00 0.00 24.00 0.00 64.00 0.00 56.00 0.00 0.0209204
4 16.00 0.00 28.00 0.00 64.00 0.00 52.00 0.00 0.10096
4 12.00 0.00 20.00 0.00 68.00 0.00 60.00 0.00 0.00786556
4 8.00 0.00 16.00 0.00 72.00 0.00 64.00 0.00 0.0184006
4 0.00 0.00 16.00 0.00 80.00 0.00 64.00 0.00 0.0283509
4 4.00 0.00 16.00 0.00 76.00 0.00 64.00 0.00 0.0254416
4 32.00 0.00 36.00 0.00 48.00 0.00 44.00 0.00 0.12913
4 24.00 0.00 28.00 0.00 56.00 0.00 52.00 0.00 0.0199858
4 28.00 0.00 32.00 0.00 52.00 0.00 48.00 0.00 0.0340284
4 32.00 0.00 36.00 0.00 52.00 0.00 48.00 0.00 0.0655261
4 28.00 0.00 32.00 0.00 56.00 0.00 52.00 0.00 0.0329589
4 36.00 0.00 40.00 0.00 48.00 0.00 44.00 0.00 0.404364
4 0.00 0.00 12.00 0.00 84.00 0.00 72.00 0.00 0.00561242
4 16.00 0.00 24.00 0.00 72.00 0.00 64.00 0.00 -0.00918143
4 12.00 0.00 20.00 0.00 76.00 0.00 68.00 0.00 0.00493881
4 20.00 0.00 32.00 0.00 68.00 0.00 56.00 0.00 0.060153
4 4.00 0.00 20.00 0.00 84.00 0.00 68.00 0.00 0.0134839
4 32.00 0.00 36.00 0.00 56.00 0.00 52.00 0.00 0.0540643
4 28.00 0.00 32.00 0.00 60.00 0.00 56.00 0.00 0.0138848
4 36.00 0.00 40.00 0.00 52.00 0.00 48.00 0.00 0.108067
4 24.00 0.00 32.00 0.00 64.00 0.00 56.00 0.00 0.0371587
4 8.00 0.00 20.00 0.00 80.00 0.00 68.00 0.00 0.010575
4 20.00 0.00 28.00 0.00 68.00 0.00 60.00 0.00 0.0167718
4 40.00 0.00 44.00 0.00 52.00 0.00 48.00 0.00 0.33472
4 36.00 0.00 40.00 0.00 56.00 0.00 52.00 0.00 0.0734294
4 4.00 0.00 16.00 0.00 88.00 0.00 76.00 0.00 0.00324116
4 32.00 0.00 36.00 0.00 60.00 0.00 56.00 0.00 0.0201176
4 32.00 0.00 36.00 0.00 64.00 0.00 60.00 0.00 0.0113691
4 16.00 0.00 24.00 0.00 80.00 0.00 72.00 0.00 0.0074457
4 36.00 0.00 40.00 0.00 60.00 0.00 56.00 0.00 0.0237203
4 0.00 0.00 12.00 0.00 96.00 0.00 84.00 0.00 0.00160731
4 40.00 0.00 44.00 0.00 56.00 0.00 52.00 0.00 0.146983
4 24.00 0.00 32.00 0.00 72.00 0.00 64.00 0.00 0.0115462
4 28.00 0.00 36.00 0.00 68.00 0.00 60.00 0.00 0.0266177
4 20.00 0.00 28.00 0.00 76.00 0.00 68.00 0.00 0.00808261
4 12.00 0.00 24.00 0.00 84.00 0.00 72.00 0.00 0.0109861
4 0.00 0.00 16.00 0.00 96.00 0.00 80.00 0.00 0.00346394
4 24.00 0.00 36.00 0.00 72.00 0.00 60.00 0.00 0.0432822
4 8.00 0.00 24.00 0.00 88.00 0.00 72.00 0.00 0.0157743
4 44.00 0.00 48.00 0.00 56.00 0.00 52.00 0.00 0.635064
4 8.00 0.00 20.00 0.00 92.00 0.00 80.00 0.00 0.00249147
4 40.00 0.00 44.00 0.00 60.00 0.00 56.00 0.00 0.0391652
4 36.00 0.00 40.00 0.00 64.00 0.00 60.00 0.00 0.012553
4 24.00 0.00 32.00 0.00 80.00 0.00 72.00 0.00 0.00396022
4 20.00 0.00 28.00 0.00 84.00 0.00 76.00 0.00 0.00137698
4 40.00 0.00 44.00 0.00 64.00 0.00 60.00 0.00 0.0184894
4 4.00 0.00 16.00 0.00 100.00 0.00 88.00 0.00 0.00170791
4 16.00 0.00 28.00 0.00 88.00 0.00 76.00 0.00 0.00386245
4 28.00 0.00 36.00 0.00 76.00 0.00 68.00 0.00 0.0113842
4 36.00 0.00 40.00 0.00 68.00 0.00 64.00 0.00 0.00407723
4 4.00 0.00 20.00 0.00 100.00 0.00 84.00 0.00 0.00324885
4 28.00 0.00 40.00 0.00 76.00 0.00 64.00 0.00 0.0287337
4 44.00 0.00 48.00 0.00 60.00 0.00 56.00 0.00 0.131561
4 12.00 0.00 28.00 0.00 92.00 0.00 76.00 0.00 0.0058282
4 32.00 0.00 40.00 0.00 72.00 0.00 64.00 0.00 0.0126525
4 44.00 0.00 48.00 0.00 64.00 0.00 60.00 0.00 0.0536357
4 12.00 0.00 24.00 0.00 96.00 0.00 84.00 0.00 0.00224791
4 40.00 0.00 44.00 0.00 68.00 0.00 64.00 0.00 0.0056596
4 48.00 0.00 52.00 0.00 60.00 0.00 56.00 0.00 0.519989
4 32.00 0.00 40.00 0.00 80.00 0.00 72.00 0.00 0.0100401
4 36.00 0.00 44.00 0.00 76.00 0.00 68.00 0.00 0.014567
4 8.00 0.00 24.00 0.00 104.00 0.00 88.00 0.00 0.0033586
4 0.00 0.00 16.00 0.00 112.00 0.00 96.00 0.00 0.00218378
4 48.00 0.00 52.00 0.00 64.00 0.00 60.00 0.00 0.121893
4 24.00 0.00 32.00 0.00 88.00 0.00 80.00 0.00 0.00152315
4 44.00 0.00 48.00 0.00 68.00 0.00 64.00 0.00 0.0158695
4 32.00 0.00 44.00 0.00 80.00 0.00 68.00 0.00 0.0242007
4 20.00 0.00 32.00 0.00 92.00 0.00 80.00 0.00 0.00301061
4 28.00 0.00 36.00 0.00 84.00 0.00 76.00 0.00 0.00290991
4 8.00 0.00 20.00 0.00 104.00 0.00 92.00 0.00 0.0017851
4 40.00 0.00 44.00 0.00 72.00 0.00 68.00 0.00 0.00303553
4 16.00 0.00 32.00 0.00 96.00 0.00 80.00 0.00 0.00472801
4 16.00 0.00 28.00 0.00 100.00 0.00 88.00 0.00 0.00196559
4 48.00 0.00 52.00 0.00 68.00 0.00 64.00 0.00 0.0315592
4 44.00 0.00 48.00 0.00 72.00 0.00 68.00 0.00 0.00831737
4 52.00 0.00 56.00 0.00 64.00 0.00 60.00 0.00 0.804807
4 24.00 0.00 36.00 0.00 96.00 0.00 84.00 0.00 0.00271447
4 44.00 0.00 48.00 0.00 76.00 0.00 72.00 0.00 0.0133914
4 40.00 0.00 48.00 0.00 80.00 0.00 72.00 0.00 0.0230306
4 52.00 0.00 56.00 0.00 68.00 0.00 64.00 0.00 0.136998
4 12.00 0.00 24.00 0.00 108.00 0.00 96.00 0.00 0.00155328
4 32.00 0.00 40.00 0.00 88.00 0.00 80.00 0.00 0.00187969
4 20.00 0.00 36.00 0.00 100.00 0.00 84.00 0.00 0.00460898
4 36.00 0.00 44.00 0.00 84.00 0.00 76.00 0.00 0.00340506
4 36.00 0.00 48.00 0.00 84.00 0.00 72.00 0.00 0.0307044
4 12.00 0.00 28.00 0.00 108.00 0.00 92.00 0.00 0.00302813
4 48.00 0.00 52.00 0.00 72.00 0.00 68.00 0.00 0.0154966
4 28.00 0.00 36.00 0.00 92.00 0.00 84.00 0.00 0.00134802
4 4.00 0.00 20.00 0.00 116.00 0.00 100.00 0.00 0.00185612
4 48.00 0.00 52.00 0.00 76.00 0.00 72.00 0.00 0.0230318
4 56.00 0.00 60.00 0.00 68.00 0.00 64.00 0.00 0.299178
4 20.00 0.00 32.00 0.00 104.00 0.00 92.00 0.00 0.00217101
4 52.00 0.00 56.00 0.00 72.00 0.00 68.00 0.00 0.0550871
4 8.00 0.00 24.00 0.00 120.00 0.00 104.00 0.00 0.00186263
4 48.00 0.00 52.00 0.00 80.00 0.00 76.00 0.00 0.00514656
4 52.00 0.00 56.00 0.00 76.00 0.00 72.00 0.00 0.0746239
4 16.00 0.00 28.00 0.00 112.00 0.00 100.00 0.00 0.00129295
4 0.00 0.00 16.00 0.00 128.00 0.00 112.00 0.00 0.00108008
4 16.00 0.00 32.00 0.00 112.00 0.00 96.00 0.00 0.00266913
4 32.00 0.00 40.00 0.00 96.00 0.00 88.00 0.00 0.00119512
4 40.00 0.00 52.00 0.00 88.00 0.00 76.00 0.00 0.0173709
4 24.00 0.00 40.00 0.00 104.00 0.00 88.00 0.00 0.00412536
4 44.00 0.00 52.00 0.00 84.00 0.00 76.00 0.00 0.0121859
4 56.00 0.00 60.00 0.00 72.00 0.00 68.00 0.00 0.0727169
4 40.00 0.00 48.00 0.00 88.00 0.00 80.00 0.00 0.00372957
4 28.00 0.00 40.00 0.00 100.00 0.00 88.00 0.00 0.00257027
4 36.00 0.00 44.00 0.00 92.00 0.00 84.00 0.00 0.00143264
4 52.00 0.00 56.00 0.00 80.00 0.00 76.00 0.00 0.0149156
4 56.00 0.00 60.00 0.00 76.00 0.00 72.00 0.00 0.0923089
4 24.00 0.00 36.00 0.00 108.00 0.00 96.00 0.00 0.00186224
4 60.00 0.00 64.00 0.00 72.00 0.00 68.00 0.00 0.271621
4 56.00 0.00 60.00 0.00 80.00 0.00 76.00 0.00 0.0162522
4 60.00 0.00 64.00 0.00 76.00 0.00 72.00 0.00 0.24143
4 20.00 0.00 36.00 0.00 116.00 0.00 100.00 0.00 0.00246456
4 32.00 0.00 44.00 0.00 104.00 0.00 92.00 0.00 0.00267236
4 44.00 0.00 52.00 0.00 92.00 0.00 84.00 0.00 0.00464618
4 44.00 0.00 56.00 0.00 92.00 0.00 80.00 0.00 0.0215821
4 40.00 0.00 48.00 0.00 96.00 0.00 88.00 0.00 0.00219577
4 36.00 0.00 44.00 0.00 100.00 0.00 92.00 0.00 0.00129199
4 12.00 0.00 28.00 0.00 124.00 0.00 108.00 0.00 0.00184508
4 48.00 0.00 56.00 0.00 88.00 0.00 80.00 0.00 0.0145174
4 20.00 0.00 32.00 0.00 116.00 0.00 104.00 0.00 0.00115743
4 4.00 0.00 20.00 0.00 132.00 0.00 116.00 0.00 0.000979082
4 28.00 0.00 44.00 0.00 108.00 0.00 92.00 0.00 0.00409502
4 52.00 0.00 56.00 0.00 84.00 0.00 80.00 0.00 0.00621472
4 28.00 0.00 40.00 0.00 112.00 0.00 100.00 0.00 0.00158623
4 64.00 0.00 68.00 0.00 76.00 0.00 72.00 0.00 0.746879
4 60.00 0.00 64.00 0.00 80.00 0.00 76.00 0.00 0.0323965
4 56.00 0.00 60.00 0.00 84.00 0.00 80.00 0.00 0.00600455
4 8.00 0.00 24.00 0.00 136.00 0.00 120.00 0.00 0.000842648
4 32.00 0.00 48.00 0.00 112.00 0.00 96.00 0.00 0.0043014
4 40.00 0.00 48.00 0.00 104.00 0.00 96.00 0.00 0.00185051
4 48.00 0.00 56.00 0.00 96.00 0.00 88.00 0.00 0.00720935
4 56.00 0.00 60.00 0.00 88.00 0.00 84.00 0.00 0.00383178
4 16.00 0.00 32.00 0.00 128.00 0.00 112.00 0.00 0.00125289
4 24.00 0.00 40.00 0.00 120.00 0.00 104.00 0.00 0.00189916
4 36.00 0.00 48.00 0.00 108.00 0.00 96.00 0.00 0.00306356
4 48.00 0.00 60.00 0.00 96.00 0.00 84.00 0.00 0.0214066
4 64.00 0.00 68.00 0.00 80.00 0.00 76.00 0.00 0.0619787
4 44.00 0.00 52.00 0.00 100.00 0.00 92.00 0.00 0.00350563
4 24.00 0.00 36.00 0.00 120.00 0.00 108.00 0.00 0.000979348
4 52.00 0.00 60.00 0.00 92.00 0.00 84.00 0.00 0.0129393
4 60.00 0.00 64.00 0.00 84.00 0.00 80.00 0.00 0.0095646
4 32.00 0.00 44.00 0.00 116.00 0.00 104.00 0.00 0.00123513
4 60.00 0.00 64.00 0.00 88.00 0.00 84.00 0.00 0.00539149
4 68.00 0.00 72.00 0.00 80.00 0.00 76.00 0.00 0.286226
4 64.00 0.00 68.00 0.00 84.00 0.00 80.00 0.00 0.0137665
4 20.00 0.00 36.00 0.00 132.00 0.00 116.00 0.00 0.00117838
4 40.00 0.00 52.00 0.00 112.00 0.00 100.00 0.00 0.0034687
4 48.00 0.00 56.00 0.00 104.00 0.00 96.00 0.00 0.00553331
4 64.00 0.00 68.00 0.00 88.00 0.00 84.00 0.00 0.00651988
4 56.00 0.00 64.00 0.00 96.00 0.00 88.00 0.00 0.0100734
4 44.00 0.00 52.00 0.00 108.00 0.00 100.00 0.00 0.00225021
4 36.00 0.00 52.00 0.00 116.00 0.00 100.00 0.00 0.00116284
4 52.00 0.00 60.00 0.00 100.00 0.00 92.00 0.00 0.00839399
4 60.00 0.00 64.00 0.00 92.00 0.00 88.00 0.00 0.00297094
4 28.00 0.00 40.00 0.00 124.00 0.00 112.00 0.00 0.000874734
4 28.00 0.00 44.00 0.00 124.00 0.00 108.00 0.00 0.00175281
4 12.00 0.00 28.00 0.00 140.00 0.00 124.00 0.00 0.00035597
4 52.00 0.00 64.00 0.00 100.00 0.00 88.00 0.00 0.0210339
4 68.00 0.00 72.00 0.00 84.00 0.00 80.00 0.00 0.0358353
4 68.00 0.00 72.00 0.00 88.00 0.00 84.00 0.00 0.013171
4 36.00 0.00 48.00 0.00 120.00 0.00 108.00 0.00 0.00105317
4 64.00 0.00 68.00 0.00 92.00 0.00 88.00 0.00 0.00329002
4 72.00 0.00 76.00 0.00 84.00 0.00 80.00 0.00 0.281906
4 56.00 0.00 64.00 0.00 104.00 0.00 96.00 0.00 0.00690113
4 64.00 0.00 68.00 0.00 96.00 0.00 92.00 0.00 0.00299584
4 72.00 0.00 76.00 0.00 88.00 0.00 84.00 0.00 0.0610629
4 32.00 0.00 48.00 0.00 128.00 0.00 112.00 0.00 0.00216102
4 56.00 0.00 68.00 0.00 104.00 0.00 92.00 0.00 0.0185083
4 16.00 0.00 32.00 0.00 144.00 0.00 128.00 0.00 0.000683064
4 44.00 0.00 56.00 0.00 116.00 0.00 104.00 0.00 0.00462917
4 52.00 0.00 60.00 0.00 108.00 0.00 100.00 0.00 0.00516553
4 24.00 0.00 40.00 0.00 136.00 0.00 120.00 0.00 0.00102541
4 40.00 0.00 56.00 0.00 120.00 0.00 104.00 0.00 0.00547368
4 60.00 0.00 68.00 0.00 100.00 0.00 92.00 0.00 0.00996802
4 68.00 0.00 72.00 0.00 92.00 0.00 88.00 0.00 0.00592795
4 48.00 0.00 56.00 0.00 112.00 0.00 104.00 0.00 0.00314353
4 32.00 0.00 44.00 0.00 128.00 0.00 116.00 0.00 0.000816901
4 76.00 0.00 80.00 0.00 88.00 0.00 84.00 0.00 0.199745
4 72.00 0.00 76.00 0.00 92.00 0.00 88.00 0.00 0.0222421
4 40.00 0.00 52.00 0.00 124.00 0.00 112.00 0.00 0.00103654
4 68.00 0.00 72.00 0.00 96.00 0.00 92.00 0.00 0.00526658
4 20.00 0.00 36.00 0.00 148.00 0.00 132.00 0.00 0.00061479
4 28.00 0.00 44.00 0.00 140.00 0.00 124.00 0.00 0.000895825
4 44.00 0.00 60.00 0.00 124.00 0.00 108.00 0.00 0.00505516
4 52.00 0.00 60.00 0.00 116.00 0.00 108.00 0.00 0.00731292
4 48.00 0.00 60.00 0.00 120.00 0.00 108.00 0.00 0.00521699
4 60.00 0.00 68.00 0.00 108.00 0.00 100.00 0.00 0.00516569
4 68.00 0.00 72.00 0.00 100.00 0.00 96.00 0.00 0.003568
4 36.00 0.00 52.00 0.00 132.00 0.00 116.00 0.00 0.00603796
4 60.00 0.00 72.00 0.00 108.00 0.00 96.00 0.00 0.0167584
4 56.00 0.00 64.00 0.00 112.00 0.00 104.00 0.00 0.00345463
4 36.00 0.00 48.00 0.00 132.00 0.00 120.00 0.00 0.00136106
4 64.00 0.00 72.00 0.00 104.00 0.00 96.00 0.00 0.00974624
4 72.00 0.00 76.00 0.00 96.00 0.00 92.00 0.00 0.0163731
4 76.00 0.00 80.00 0.00 92.00 0.00 88.00 0.00 0.0418439
4 44.00 0.00 56.00 0.00 128.00 0.00 116.00 0.00 0.00305811
4 72.00 0.00 76.00 0.00 100.00 0.00 96.00 0.00 0.0103513
4 76.00 0.00 80.00 0.00 96.00 0.00 92.00 0.00 0.0240123
4 80.00 0.00 84.00 0.00 92.00 0.00 88.00 0.00 0.162143
4 56.00 0.00 64.00 0.00 120.00 0.00 112.00 0.00 0.00349669
4 60.00 0.00 68.00 0.00 116.00 0.00 108.00 0.00 0.00293722
4 80.00 0.00 84.00 0.00 96.00 0.00 92.00 0.00 0.0599575
4 24.00 0.00 40.00 0.00 152.00 0.00 136.00 0.00 0.000528082
4 32.00 0.00 48.00 0.00 144.00 0.00 128.00 0.00 0.00096099
4 48.00 0.00 64.00 0.00 128.00 0.00 112.00 0.00 0.00671906
4 68.00 0.00 76.00 0.00 108.00 0.00 100.00 0.00 0.0139839
4 40.00 0.00 52.00 0.00 136.00 0.00 124.00 0.00 0.00204245
4 72.00 0.00 76.00 0.00 104.00 0.00 100.00 0.00 0.00669087
4 76.00 0.00 80.00 0.00 100.00 0.00 96.00 0.00 0.0127266
4 52.00 0.00 64.00 0.00 124.00 0.00 112.00 0.00 0.00560227
4 64.00 0.00 72.00 0.00 112.00 0.00 104.00 0.00 0.00401966
4 40.00 0.00 56.00 0.00 136.00 0.00 120.00 0.00 0.00433179
4 64.00 0.00 76.00 0.00 112.00 0.00 100.00 0.00 0.0210573
4 48.00 0.00 60.00 0.00 132.00 0.00 120.00 0.00 0.00273461
4 84.00 0.00 88.00 0.00 96.00 0.00 92.00 0.00 0.260433
4 76.00 0.00 80.00 0.00 104.00 0.00 100.00 0.00 0.00713628
4 80.00 0.00 84.00 0.00 100.00 0.00 96.00 0.00 0.0247651
4 56.00 0.00 68.00 0.00 128.00 0.00 116.00 0.00 0.00293061
4 64.00 0.00 72.00 0.00 120.00 0.00 112.00 0.00 0.00243448
4 68.00 0.00 76.00 0.00 116.00 0.00 108.00 0.00 0.0065334
4 44.00 0.00 60.00 0.00 140.00 0.00 124.00 0.00 0.00549834
4 72.00 0.00 80.00 0.00 112.00 0.00 104.00 0.00 0.0124182
4 84.00 0.00 88.00 0.00 100.00 0.00 96.00 0.00 0.0658529
4 76.00 0.00 80.00 0.00 108.00 0.00 104.00 0.00 0.00358904
4 28.00 0.00 44.00 0.00 156.00 0.00 140.00 0.00 0.000520512
4 60.00 0.00 68.00 0.00 124.00 0.00 116.00 0.00 0.00385499
4 36.00 0.00 52.00 0.00 148.00 0.00 132.00 0.00 0.00106033
4 68.00 0.00 80.00 0.00 116.00 0.00 104.00 0.00 0.0199294
4 52.00 0.00 68.00 0.00 132.00 0.00 116.00 0.00 0.00167015
4 44.00 0.00 56.00 0.00 140.00 0.00 128.00 0.00 0.00172341
4 80.00 0.00 84.00 0.00 104.00 0.00 100.00 0.00 0.011574
4 80.00 0.00 84.00 0.00 108.00 0.00 104.00 0.00 0.00507571
4 52.00 0.00 64.00 0.00 136.00 0.00 124.00 0.00 0.00181514
4 88.00 0.00 92.00 0.00 100.00 0.00 96.00 0.00 0.169737
4 84.00 0.00 88.00 0.00 104.00 0.00 100.00 0.00 0.023623
4 84.00 0.00 88.00 0.00 108.00 0.00 104.00 0.00 0.00888975
4 60.00 0.00 72.00 0.00 132.00 0.00 120.00 0.00 0.00298539
4 32.00 0.00 48.00 0.00 160.00 0.00 144.00 0.00 0.000650863
4 68.00 0.00 76.00 0.00 124.00 0.00 116.00 0.00 0.00414921
4 40.00 0.00 56.00 0.00 152.00 0.00 136.00 0.00 0.00157907
4 48.00 0.00 60.00 0.00 144.00 0.00 132.00 0.00 0.00154903
4 72.00 0.00 80.00 0.00 120.00 0.00 112.00 0.00 0.00700474
4 48.00 0.00 64.00 0.00 144.00 0.00 128.00 0.00 0.00324596
4 64.00 0.00 72.00 0.00 128.00 0.00 120.00 0.00 0.00154744
4 76.00 0.00 84.00 0.00 116.00 0.00 108.00 0.00 0.0113434
4 80.00 0.00 84.00 0.00 112.00 0.00 108.00 0.00 0.00355718
4 72.00 0.00 84.00 0.00 120.00 0.00 108.00 0.00 0.0202818
4 56.00 0.00 72.00 0.00 136.00 0.00 120.00 0.00 0.00357264
4 88.00 0.00 92.00 0.00 104.00 0.00 100.00 0.00 0.0391543
4 88.00 0.00 92.00 0.00 108.00 0.00 104.00 0.00 0.0121836
4 84.00 0.00 88.00 0.00 112.00 0.00 108.00 0.00 0.00583897
4 92.00 0.00 96.00 0.00 104.00 0.00 100.00 0.00 0.193149
4 56.00 0.00 68.00 0.00 140.00 0.00 128.00 0.00 0.0018924
4 80.00 0.00 88.00 0.00 120.00 0.00 112.00 0.00 0.011428
4 92.00 0.00 96.00 0.00 108.00 0.00 104.00 0.00 0.0380971
4 64.00 0.00 76.00 0.00 136.00 0.00 124.00 0.00 0.00376634
4 44.00 0.00 60.00 0.00 156.00 0.00 140.00 0.00 0.00181545
4 52.00 0.00 64.00 0.00 148.00 0.00 136.00 0.00 0.00144842
4 88.00 0.00 92.00 0.00 112.00 0.00 108.00 0.00 0.00741617
4 76.00 0.00 84.00 0.00 124.00 0.00 116.00 0.00 0.00494137
4 68.00 0.00 76.00 0.00 132.00 0.00 124.00 0.00 0.00235056
4 72.00 0.00 80.00 0.00 128.00 0.00 120.00 0.00 0.00391993
4 36.00 0.00 52.00 0.00 164.00 0.00 148.00 0.00 0.000808684
4 84.00 0.00 88.00 0.00 116.00 0.00 112.00 0.00 0.00445849
4 52.00 0.00 68.00 0.00 148.00 0.00 132.00 0.00 0.00267195
4 76.00 0.00 88.00 0.00 124.00 0.00 112.00 0.00 0.0192388
4 60.00 0.00 76.00 0.00 140.00 0.00 124.00 0.00 0.00322848
4 60.00 0.00 72.00 0.00 144.00 0.00 132.00 0.00 0.00144914
4 96.00 0.00 100.00 0.00 108.00 0.00 104.00 0.00 0.171217
4 92.00 0.00 96.00 0.00 112.00 0.00 108.00 0.00 0.0172448
4 88.00 0.00 92.00 0.00 116.00 0.00 112.00 0.00 0.00544699
4 80.00 0.00 92.00 0.00 128.00 0.00 116.00 0.00 0.0163717
4 56.00 0.00 72.00 0.00 152.00 0.00 136.00 0.00 0.00214481
4 68.00 0.00 80.00 0.00 140.00 0.00 128.00 0.00 0.0038082
4 76.00 0.00 84.00 0.00 132.00 0.00 124.00 0.00 0.0029473
4 40.00 0.00 56.00 0.00 168.00 0.00 152.00 0.00 0.00118807
4 84.00 0.00 92.00 0.00 124.00 0.00 116.00 0.00 0.00971353
4 96.00 0.00 100.00 0.00 112.00 0.00 108.00 0.00 0.0497301
4 80.00 0.00 88.00 0.00 128.00 0.00 120.00 0.00 0.00560355
4 72.00 0.00 80.00 0.00 136.00 0.00 128.00 0.00 0.00236517
4 48.00 0.00 64.00 0.00 160.00 0.00 144.00 0.00 0.00198012
4 64.00 0.00 80.00 0.00 144.00 0.00 128.00 0.00 0.0051616
4 88.00 0.00 92.00 0.00 120.00 0.00 116.00 0.00 0.0029103
4 92.00 0.00 96.00 0.00 116.00 0.00 112.00 0.00 0.0095129
4 56.00 0.00 68.00 0.00 152.00 0.00 140.00 0.00 0.00110437
4 100.00 0.00 104.00 0.00 112.00 0.00 108.00 0.00 0.238352
4 64.00 0.00 76.00 0.00 148.00 0.00 136.00 0.00 0.00181895
4 92.00 0.00 96.00 0.00 120.00 0.00 116.00 0.00 0.00474863
4 96.00 0.00 100.00 0.00 116.00 0.00 112.00 0.00 0.0222961
4 80.00 0.00 88.00 0.00 136.00 0.00 128.00 0.00 0.00287612
4 68.00 0.00 84.00 0.00 148.00 0.00 132.00 0.00 0.00483661
4 60.00 0.00 72.00 0.00 156.00 0.00 144.00 0.00 0.00105156
4 88.00 0.00 96.00 0.00 128.00 0.00 120.00 0.00 0.009297
4 72.00 0.00 84.00 0.00 144.00 0.00 132.00 0.00 0.0034131
4 60.00 0.00 76.00 0.00 156.00 0.00 140.00 0.00 0.00260198
4 92.00 0.00 96.00 0.00 124.00 0.00 120.00 0.00 0.00350026
4 44.00 0.00 60.00 0.00 172.00 0.00 156.00 0.00 0.001325
4 52.00 0.00 68.00 0.00 164.00 0.00 148.00 0.00 0.00188907
4 96.00 0.00 100.00 0.00 120.00 0.00 116.00 0.00 0.00967436
4 100.00 0.00 104.00 0.00 116.00 0.00 112.00 0.00 0.0709146
4 84.00 0.00 92.00 0.00 132.00 0.00 124.00 0.00 0.00477827
4 76.00 0.00 84.00 0.00 140.00 0.00 132.00 0.00 0.00161647
4 84.00 0.00 96.00 0.00 132.00 0.00 120.00 0.00 0.0162824
4 68.00 0.00 80.00 0.00 152.00 0.00 140.00 0.00 0.00201384
4 100.00 0.00 104.00 0.00 120.00 0.00 116.00 0.00 0.0240044
4 96.00 0.00 100.00 0.00 124.00 0.00 120.00 0.00 0.00646067
4 104.00 0.00 108.00 0.00 116.00 0.00 112.00 0.00 0.243539
4 88.00 0.00 96.00 0.00 136.00 0.00 128.00 0.00 0.00437615
4 96.00 0.00 100.00 0.00 128.00 0.00 124.00 0.00 0.00358747
4 56.00 0.00 72.00 0.00 168.00 0.00 152.00 0.00 0.00149911
4 88.00 0.00 100.00 0.00 136.00 0.00 124.00 0.00 0.0156319
4 72.00 0.00 88.00 0.00 152.00 0.00 136.00 0.00 0.00510101
4 48.00 0.00 64.00 0.00 176.00 0.00 160.00 0.00 0.00130658
4 104.00 0.00 108.00 0.00 120.00 0.00 116.00 0.00 0.0534109
4 84.00 0.00 92.00 0.00 140.00 0.00 132.00 0.00 0.00238006
4 92.00 0.00 100.00 0.00 132.00 0.00 124.00 0.00 0.0098863
4 100.00 0.00 104.00 0.00 124.00 0.00 120.00 0.00 0.0138971
4 64.00 0.00 80.00 0.00 160.00 0.00 144.00 0.00 0.00282605
4 76.00 0.00 88.00 0.00 148.00 0.00 136.00 0.00 0.00290404
4 64.00 0.00 76.00 0.00 160.00 0.00 148.00 0.00 0.00143436
4 80.00 0.00 88.00 0.00 144.00 0.00 136.00 0.00 0.00150288
4 100.00 0.00 104.00 0.00 128.00 0.00 124.00 0.00 0.0069026
4 108.00 0.00 112.00 0.00 120.00 0.00 116.00 0.00 0.179317
4 72.00 0.00 84.00 0.00 156.00 0.00 144.00 0.00 0.00229824
4 104.00 0.00 108.00 0.00 124.00 0.00 120.00 0.00 0.0256415
4 68.00 0.00 84.00 0.00 164.00 0.00 148.00 0.00 0.00303003
4 96.00 0.00 104.00 0.00 136.00 0.00 128.00 0.00 0.0112776
4 84.00 0.00 92.00 0.00 148.00 0.00 140.00 0.00 0.00142061
4 92.00 0.00 100.00 0.00 140.00 0.00 132.00 0.00 0.00440688
4 100.00 0.00 104.00 0.00 132.00 0.00 128.00 0.00 0.00453713
4 60.00 0.00 76.00 0.00 172.00 0.00 156.00 0.00 0.00169217
4 92.00 0.00 104.00 0.00 140.00 0.00 128.00 0.00 0.0174844
4 108.00 0.00 112.00 0.00 124.00 0.00 120.00 0.00 0.0555526
4 76.00 0.00 92.00 0.00 156.00 0.00 140.00 0.00 0.00461888
4 68.00 0.00 80.00 0.00 164.00 0.00 152.00 0.00 0.00152386
4 80.00 0.00 92.00 0.00 152.00 0.00 140.00 0.00 0.00290073
4 88.00 0.00 96.00 0.00 144.00 0.00 136.00 0.00 0.00212989
4 104.00 0.00 108.00 0.00 128.00 0.00 124.00 0.00 0.0109176
4 52.00 0.00 68.00 0.00 180.00 0.00 164.00 0.00 0.00112671
4 76.00 0.00 88.00 0.00 160.00 0.00 148.00 0.00 0.00216012
4 104.00 0.00 108.00 0.00 132.00 0.00 128.00 0.00 0.00640064
4 112.00 0.00 116.00 0.00 124.00 0.00 120.00 0.00 0.253007
4 108.00 0.00 112.00 0.00 128.00 0.00 124.00 0.00 0.019718
4 72.00 0.00 84.00 0.00 168.00 0.00 156.00 0.00 0.00155277
4 56.00 0.00 72.00 0.00 184.00 0.00 168.00 0.00 0.000817049
4 84.00 0.00 96.00 0.00 156.00 0.00 144.00 0.00 0.00324348
4 92.00 0.00 100.00 0.00 148.00 0.00 140.00 0.00 0.00239488
4 80.00 0.00 96.00 0.00 160.00 0.00 144.00 0.00 0.004979
4 72.00 0.00 88.00 0.00 168.00 0.00 152.00 0.00 0.0031027
4 100.00 0.00 108.00 0.00 140.00 0.00 132.00 0.00 0.00987771
4 108.00 0.00 112.00 0.00 132.00 0.00 128.00 0.00 0.0102832
4 88.00 0.00 96.00 0.00 152.00 0.00 144.00 0.00 0.00163101
4 96.00 0.00 104.00 0.00 144.00 0.00 136.00 0.00 0.00475347
4 104.00 0.00 108.00 0.00 136.00 0.00 132.00 0.00 0.00337473
4 64.00 0.00 80.00 0.00 176.00 0.00 160.00 0.00 0.00161397
4 96.00 0.00 108.00 0.00 144.00 0.00 132.00 0.00 0.0158713
4 112.00 0.00 116.00 0.00 128.00 0.00 124.00 0.00 0.0524242
4 116.00 0.00 120.00 0.00 128.00 0.00 124.00 0.00 0.194169
4 112.00 0.00 116.00 0.00 132.00 0.00 128.00 0.00 0.0220206
4 80.00 0.00 92.00 0.00 164.00 0.00 152.00 0.00 0.00200315
4 108.00 0.00 112.00 0.00 136.00 0.00 132.00 0.00 0.00490823
4 68.00 0.00 84.00 0.00 180.00 0.00 164.00 0.00 0.00149267
4 76.00 0.00 88.00 0.00 172.00 0.00 160.00 0.00 0.00124938
4 100.00 0.00 112.00 0.00 148.00 0.00 136.00 0.00 0.0150471
4 60.00 0.00 76.00 0.00 188.00 0.00 172.00 0.00 0.000973706
4 96.00 0.00 104.00 0.00 152.00 0.00 144.00 0.00 0.00331625
4 104.00 0.00 112.00 0.00 144.00 0.00 136.00 0.00 0.00834326
4 112.00 0.00 116.00 0.00 136.00 0.00 132.00 0.00 0.00840415
4 116.00 0.00 120.00 0.00 132.00 0.00 128.00 0.00 0.0544065
4 84.00 0.00 100.00 0.00 164.00 0.00 148.00 0.00 0.00544974
4 76.00 0.00 92.00 0.00 172.00 0.00 156.00 0.00 0.00254976
4 92.00 0.00 100.00 0.00 156.00 0.00 148.00 0.00 0.00198671
4 88.00 0.00 100.00 0.00 160.00 0.00 148.00 0.00 0.00360051
4 100.00 0.00 108.00 0.00 148.00 0.00 140.00 0.00 0.00479993
4 108.00 0.00 112.00 0.00 140.00 0.00 136.00 0.00 0.00296804
4 116.00 0.00 120.00 0.00 136.00 0.00 132.00 0.00 0.0161617
4 120.00 0.00 124.00 0.00 132.00 0.00 128.00 0.00 0.231843
4 84.00 0.00 96.00 0.00 168.00 0.00 156.00 0.00 0.00197265
4 112.00 0.00 116.00 0.00 140.00 0.00 136.00 0.00 0.00449575
4 80.00 0.00 92.00 0.00 176.00 0.00 164.00 0.00 0.00108341
4 64.00 0.00 80.00 0.00 192.00 0.00 176.00 0.00 0.000882034
4 112.00 0.00 116.00 0.00 144.00 0.00 140.00 0.00 0.00245861
4 116.00 0.00 120.00 0.00 140.00 0.00 136.00 0.00 0.00753556
4 92.00 0.00 104.00 0.00 164.00 0.00 152.00 0.00 0.00409182
4 104.00 0.00 112.00 0.00 152.00 0.00 144.00 0.00 0.00526676
4 80.00 0.00 96.00 0.00 176.00 0.00 160.00 0.00 0.00239817
4 72.00 0.00 88.00 0.00 184.00 0.00 168.00 0.00 0.00147441
4 104.00 0.00 116.00 0.00 152.00 0.00 140.00 0.00 0.0145459
4 96.00 0.00 104.00 0.00 160.00 0.00 152.00 0.00 0.00232327
4 100.00 0.00 108.00 0.00 156.00 0.00 148.00 0.00 0.0037117
4 120.00 0.00 124.00 0.00 136.00 0.00 132.00 0.00 0.0442293
4 88.00 0.00 104.00 0.00 168.00 0.00 152.00 0.00 0.00585812
4 108.00 0.00 116.00 0.00 148.00 0.00 140.00 0.00 0.00777504
4 88.00 0.00 100.00 0.00 172.00 0.00 160.00 0.00 0.00193275
4 124.00 0.00 128.00 0.00 136.00 0.00 132.00 0.00 0.152723
4 116.00 0.00 120.00 0.00 144.00 0.00 140.00 0.00 0.00372542
4 120.00 0.00 124.00 0.00 140.00 0.00 136.00 0.00 0.0171628
4 100.00 0.00 108.00 0.00 164.00 0.00 156.00 0.00 0.00229876
4 108.00 0.00 120.00 0.00 156.00 0.00 144.00 0.00 0.0153637
4 92.00 0.00 108.00 0.00 172.00 0.00 156.00 0.00 0.00590364
4 84.00 0.00 96.00 0.00 180.00 0.00 168.00 0.00 0.000997282
4 120.00 0.00 124.00 0.00 144.00 0.00 140.00 0.00 0.00736982
4 96.00 0.00 108.00 0.00 168.00 0.00 156.00 0.00 0.00415075
4 104.00 0.00 112.00 0.00 160.00 0.00 152.00 0.00 0.00338178
4 68.00 0.00 84.00 0.00 196.00 0.00 180.00 0.00 0.000995665
4 108.00 0.00 116.00 0.00 156.00 0.00 148.00 0.00 0.0053108
4 84.00 0.00 100.00 0.00 180.00 0.00 164.00 0.00 0.00235403
4 76.00 0.00 92.00 0.00 188.00 0.00 172.00 0.00 0.00129174
4 112.00 0.00 120.00 0.00 152.00 0.00 144.00 0.00 0.00855737
4 124.00 0.00 128.00 0.00 140.00 0.00 136.00 0.00 0.0382325
4 116.00 0.00 120.00 0.00 148.00 0.00 144.00 0.00 0.00274861
4 124.00 0.00 128.00 0.00 144.00 0.00 140.00 0.00 0.0134445
4 120.00 0.00 124.00 0.00 148.00 0.00 144.00 0.00 0.00495972
4 92.00 0.00 104.00 0.00 176.00 0.00 164.00 0.00 0.00213549
4 128.00 0.00 132.00 0.00 140.00 0.00 136.00 0.00 0.186903
4 120.00 0.00 124.00 0.00 152.00 0.00 148.00 0.00 0.00377245
4 112.00 0.00 124.00 0.00 160.00 0.00 148.00 0.00 0.0170007
4 96.00 0.00 112.00 0.00 176.00 0.00 160.00 0.00 0.00562929
4 72.00 0.00 88.00 0.00 200.00 0.00 184.00 0.00 0.00108009
4 128.00 0.00 132.00 0.00 144.00 0.00 140.00 0.00 0.0436642
4 100.00 0.00 112.00 0.00 172.00 0.00 160.00 0.00 0.00381401
4 124.00 0.00 128.00 0.00 148.00 0.00 144.00 0.00 0.00784822
4 108.00 0.00 116.00 0.00 164.00 0.00 156.00 0.00 0.00304717
4 80.00 0.00 96.00 0.00 192.00 0.00 176.00 0.00 0.00115904
4 88.00 0.00 100.00 0.00 184.00 0.00 172.00 0.00 0.00103135
4 112.00 0.00 120.00 0.00 160.00 0.00 152.00 0.00 0.00493331
4 88.00 0.00 104.00 0.00 184.00 0.00 168.00 0.00 0.00242914
4 104.00 0.00 112.00 0.00 168.00 0.00 160.00 0.00 0.00199758
4 116.00 0.00 124.00 0.00 156.00 0.00 148.00 0.00 0.010189
4 124.00 0.00 128.00 0.00 152.00 0.00 148.00 0.00 0.00542582
4 132.00 0.00 136.00 0.00 144.00 0.00 140.00 0.00 0.142544
4 96.00 0.00 108.00 0.00 180.00 0.00 168.00 0.00 0.00197021
4 128.00 0.00 132.00 0.00 148.00 0.00 144.00 0.00 0.0202999
4 84.00 0.00 100.00 0.00 196.00 0.00 180.00 0.00 0.00144569
4 92.00 0.00 104.00 0.00 188.00 0.00 176.00 0.00 0.00128632
4 128.00 0.00 132.00 0.00 152.00 0.00 148.00 0.00 0.0123428
4 116.00 0.00 124.00 0.00 164.00 0.00 156.00 0.00 0.00515241
4 108.00 0.00 116.00 0.00 172.00 0.00 164.00 0.00 0.00176572
4 112.00 0.00 120.00 0.00 168.00 0.00 160.00 0.00 0.00274315
4 124.00 0.00 128.00 0.00 156.00 0.00 152.00 0.00 0.00351912
4 92.00 0.00 108.00 0.00 188.00 0.00 172.00 0.00 0.00264099
4 116.00 0.00 128.00 0.00 164.00 0.00 152.00 0.00 0.016783
4 100.00 0.00 116.00 0.00 180.00 0.00 164.00 0.00 0.00502447
4 120.00 0.00 128.00 0.00 160.00 0.00 152.00 0.00 0.0102931
4 132.00 0.00 136.00 0.00 148.00 0.00 144.00 0.00 0.0421644
4 76.00 0.00 92.00 0.00 204.00 0.00 188.00 0.00 0.00079608
4 104.00 0.00 116.00 0.00 176.00 0.00 164.00 0.00 0.00331363
4 132.00 0.00 136.00 0.00 152.00 0.00 148.00 0.00 0.020783
4 128.00 0.00 132.00 0.00 156.00 0.00 152.00 0.00 0.00722117
4 100.00 0.00 112.00 0.00 184.00 0.00 172.00 0.00 0.00184892
4 136.00 0.00 140.00 0.00 148.00 0.00 144.00 0.00 0.149042
4 88.00 0.00 104.00 0.00 200.00 0.00 184.00 0.00 0.00162481
4 104.00 0.00 120.00 0.00 184.00 0.00 168.00 0.00 0.00439777
4 128.00 0.00 132.00 0.00 160.00 0.00 156.00 0.00 0.00449132
4 132.00 0.00 136.00 0.00 156.00 0.00 152.00 0.00 0.0107435
4 96.00 0.00 108.00 0.00 192.00 0.00 180.00 0.00 0.00123182
4 120.00 0.00 132.00 0.00 168.00 0.00 156.00 0.00 0.0184657
4 96.00 0.00 112.00 0.00 192.00 0.00 176.00 0.00 0.00240852
4 108.00 0.00 120.00 0.00 180.00 0.00 168.00 0.00 0.00285012
4 116.00 0.00 124.00 0.00 172.00 0.00 164.00 0.00 0.00274827
4 80.00 0.00 96.00 0.00 208.00 0.00 192.00 0.00 0.00084563
4 124.00 0.00 132.00 0.00 164.00 0.00 156.00 0.00 0.0113186
4 136.00 0.00 140.00 0.00 152.00 0.00 148.00 0.00 0.0440186
4 120.00 0.00 128.00 0.00 168.00 0.00 160.00 0.00 0.00500422
4 112.00 0.00 120.00 0.00 176.00 0.00 168.00 0.00 0.00153769
4 104.00 0.00 116.00 0.00 188.00 0.00 176.00 0.00 0.00180793
4 132.00 0.00 136.00 0.00 160.00 0.00 156.00 0.00 0.00606419
4 136.00 0.00 140.00 0.00 156.00 0.00 152.00 0.00 0.0193357
4 140.00 0.00 144.00 0.00 152.00 0.00 148.00 0.00 0.123025
4 100.00 0.00 116.00 0.00 196.00 0.00 180.00 0.00 0.00269951
4 132.00 0.00 136.00 0.00 164.00 0.00 160.00 0.00 0.00361959
4 84.00 0.00 100.00 0.00 212.00 0.00 196.00 0.00 0.000728999
4 92.00 0.00 108.00 0.00 204.00 0.00 188.00 0.00 0.00148084
4 136.00 0.00 140.00 0.00 160.00 0.00 156.00 0.00 0.00956815
4 140.00 0.00 144.00 0.00 156.00 0.00 152.00 0.00 0.034768
4 124.00 0.00 132.00 0.00 172.00 0.00 164.00 0.00 0.00512619
4 116.00 0.00 124.00 0.00 180.00 0.00 172.00 0.00 0.00151153
4 124.00 0.00 136.00 0.00 172.00 0.00 160.00 0.00 0.0169861
4 120.00 0.00 128.00 0.00 176.00 0.00 168.00 0.00 0.00256794
4 108.00 0.00 124.00 0.00 188.00 0.00 172.00 0.00 0.00457551
4 100.00 0.00 112.00 0.00 196.00 0.00 184.00 0.00 0.00142146
4 128.00 0.00 136.00 0.00 168.00 0.00 160.00 0.00 0.0107236
4 112.00 0.00 124.00 0.00 184.00 0.00 172.00 0.00 0.00281594
4 140.00 0.00 144.00 0.00 160.00 0.00 156.00 0.00 0.0144171
4 136.00 0.00 140.00 0.00 164.00 0.00 160.00 0.00 0.0052434
4 144.00 0.00 148.00 0.00 156.00 0.00 152.00 0.00 0.122454
4 108.00 0.00 120.00 0.00 192.00 0.00 180.00 0.00 0.00163634
4 88.00 0.00 104.00 0.00 216.00 0.00 200.00 0.00 0.000698404
4 144.00 0.00 148.00 0.00 160.00 0.00 156.00 0.00 0.0315784
4 124.00 0.00 132.00 0.00 180.00 0.00 172.00 0.00 0.00255666
4 132.00 0.00 140.00 0.00 172.00 0.00 164.00 0.00 0.00887357
4 140.00 0.00 144.00 0.00 164.00 0.00 160.00 0.00 0.00700918
4 104.00 0.00 120.00 0.00 200.00 0.00 184.00 0.00 0.00259637
4 116.00 0.00 128.00 0.00 188.00 0.00 176.00 0.00 0.00297666
4 104.00 0.00 116.00 0.00 200.00 0.00 188.00 0.00 0.00117029
4 120.00 0.00 128.00 0.00 184.00 0.00 176.00 0.00 0.00145071
4 128.00 0.00 136.00 0.00 176.00 0.00 168.00 0.00 0.0047435
4 136.00 0.00 140.00 0.00 168.00 0.00 164.00 0.00 0.0031623
4 96.00 0.00 112.00 0.00 208.00 0.00 192.00 0.00 0.00163039
4 128.00 0.00 140.00 0.00 176.00 0.00 164.00 0.00 0.0153872
4 112.00 0.00 128.00 0.00 192.00 0.00 176.00 0.00 0.00412804
4 148.00 0.00 152.00 0.00 160.00 0.00 156.00 0.00 0.125174
4 112.00 0.00 124.00 0.00 196.00 0.00 184.00 0.00 0.00198919
4 144.00 0.00 148.00 0.00 164.00 0.00 160.00 0.00 0.0132886
4 140.00 0.00 144.00 0.00 168.00 0.00 164.00 0.00 0.00396427
4 132.00 0.00 144.00 0.00 180.00 0.00 168.00 0.00 0.0119633
4 148.00 0.00 152.00 0.00 164.00 0.00 160.00 0.00 0.0328292
4 116.00 0.00 132.00 0.00 196.00 0.00 180.00 0.00 0.00512263
4 108.00 0.00 120.00 0.00 204.00 0.00 192.00 0.00 0.00126586
4 120.00 0.00 132.00 0.00 192.00 0.00 180.00 0.00 0.00312867
4 128.00 0.00 136.00 0.00 184.00 0.00 176.00 0.00 0.00238823
4 144.00 0.00 148.00 0.00 168.00 0.00 164.00 0.00 0.00688177
4 92.00 0.00 108.00 0.00 220.00 0.00 204.00 0.00 0.00067479
4 108.00 0.00 124.00 0.00 204.00 0.00 188.00 0.00 0.00231299
4 136.00 0.00 144.00 0.00 176.00 0.00 168.00 0.00 0.00701693
4 124.00 0.00 132.00 0.00 188.00 0.00 180.00 0.00 0.00189967
4 132.00 0.00 140.00 0.00 180.00 0.00 172.00 0.00 0.00389804
4 140.00 0.00 144.00 0.00 172.00 0.00 168.00 0.00 0.00226305
4 100.00 0.00 116.00 0.00 212.00 0.00 196.00 0.00 0.0012553
4 148.00 0.00 152.00 0.00 168.00 0.00 164.00 0.00 0.0144987
4 116.00 0.00 128.00 0.00 200.00 0.00 188.00 0.00 0.00182108
4 144.00 0.00 148.00 0.00 172.00 0.00 168.00 0.00 0.0036082
4 152.00 0.00 156.00 0.00 164.00 0.00 160.00 0.00 0.12427
4 128.00 0.00 136.00 0.00 192.00 0.00 184.00 0.00 0.00170258
4 136.00 0.00 144.00 0.00 184.00 0.00 176.00 0.00 0.00314586
4 144.00 0.00 148.00 0.00 176.00 0.00 172.00 0.00 0.00228879
4 104.00 0.00 120.00 0.00 216.00 0.00 200.00 0.00 0.0010236
4 136.00 0.00 148.00 0.00 184.00 0.00 172.00 0.00 0.0106412
4 152.00 0.00 156.00 0.00 168.00 0.00 164.00 0.00 0.0344235
4 112.00 0.00 124.00 0.00 208.00 0.00 196.00 0.00 0.0009827
4 96.00 0.00 112.00 0.00 224.00 0.00 208.00 0.00 0.000632323
4 124.00 0.00 136.00 0.00 196.00 0.00 184.00 0.00 0.0036143
4 132.00 0.00 140.00 0.00 188.00 0.00 180.00 0.00 0.00263106
4 120.00 0.00 136.00 0.00 200.00 0.00 184.00 0.00 0.00536009
4 112.00 0.00 128.00 0.00 208.00 0.00 192.00 0.00 0.00252347
4 140.00 0.00 148.00 0.00 180.00 0.00 172.00 0.00 0.00602009
4 148.00 0.00 152.00 0.00 172.00 0.00 168.00 0.00 0.00661806
4 148.00 0.00 152.00 0.00 176.00 0.00 172.00 0.00 0.00391851
4 156.00 0.00 160.00 0.00 168.00 0.00 164.00 0.00 0.157836
4 152.00 0.00 156.00 0.00 172.00 0.00 168.00 0.00 0.0127887
4 120.00 0.00 132.00 0.00 204.00 0.00 192.00 0.00 0.00223601
4 144.00 0.00 152.00 0.00 184.00 0.00 176.00 0.00 0.00615749
4 152.00 0.00 156.00 0.00 176.00 0.00 172.00 0.00 0.00667205
4 156.00 0.00 160.00 0.00 172.00 0.00 168.00 0.00 0.0349685
4 124.00 0.00 140.00 0.00 204.00 0.00 188.00 0.00 0.00457806
4 116.00 0.00 132.00 0.00 212.00 0.00 196.00 0.00 0.00215236
4 132.00 0.00 140.00 0.00 196.00 0.00 188.00 0.00 0.00161187
4 128.00 0.00 140.00 0.00 200.00 0.00 188.00 0.00 0.00320487
4 140.00 0.00 148.00 0.00 188.00 0.00 180.00 0.00 0.00360775
4 148.00 0.00 152.00 0.00 180.00 0.00 176.00 0.00 0.0021494
4 108.00 0.00 124.00 0.00 220.00 0.00 204.00 0.00 0.000997211
4 116.00 0.00 128.00 0.00 212.00 0.00 200.00 0.00 0.00090627
4 140.00 0.00 152.00 0.00 188.00 0.00 176.00 0.00 0.0111951
4 100.00 0.00 116.00 0.00 228.00 0.00 212.00 0.00 0.000545189
4 136.00 0.00 144.00 0.00 192.00 0.00 184.00 0.00 0.00208133
4 156.00 0.00 160.00 0.00 176.00 0.00 172.00 0.00 0.014528
4 124.00 0.00 136.00 0.00 208.00 0.00 196.00 0.00 0.00164368
4 152.00 0.00 156.00 0.00 180.00 0.00 176.00 0.00 0.00336797
4 160.00 0.00 164.00 0.00 172.00 0.00 168.00 0.00 0.139007
4 120.00 0.00 136.00 0.00 216.00 0.00 200.00 0.00 0.00191483
4 112.00 0.00 128.00 0.00 224.00 0.00 208.00 0.00 0.000916992
4 144.00 0.00 156.00 0.00 192.00 0.00 180.00 0.00 0.011688
4 136.00 0.00 144.00 0.00 200.00 0.00 192.00 0.00 0.00181105
4 140.00 0.00 148.00 0.00 196.00 0.00 188.00 0.00 0.00206057
4 160.00 0.00 164.00 0.00 176.00 0.00 172.00 0.00 0.0348076
4 128.00 0.00 144.00 0.00 208.00 0.00 192.00 0.00 0.00476627
4 148.00 0.00 156.00 0.00 188.00 0.00 180.00 0.00 0.00783353
4 120.00 0.00 132.00 0.00 216.00 0.00 204.00 0.00 0.000928039
4 104.00 0.00 120.00 0.00 232.00 0.00 216.00 0.00 0.000500463
4 152.00 0.00 156.00 0.00 184.00 0.00 180.00 0.00 0.00242589
4 156.00 0.00 160.00 0.00 180.00 0.00 176.00 0.00 0.00639461
4 132.00 0.00 144.00 0.00 204.00 0.00 192.00 0.00 0.00319079
4 144.00 0.00 152.00 0.00 192.00 0.00 184.00 0.00 0.00358408
4 128.00 0.00 140.00 0.00 212.00 0.00 200.00 0.00 0.00147136
4 164.00 0.00 168.00 0.00 176.00 0.00 172.00 0.00 0.160379
4 156.00 0.00 160.00 0.00 184.00 0.00 180.00 0.00 0.00421385
4 160.00 0.00 164.00 0.00 180.00 0.00 176.00 0.00 0.012276
4 136.00 0.00 148.00 0.00 208.00 0.00 196.00 0.00 0.0022428
4 144.00 0.00 152.00 0.00 200.00 0.00 192.00 0.00 0.00292113
4 108.00 0.00 124.00 0.00 236.00 0.00 220.00 0.00 0.000523623
4 148.00 0.00 156.00 0.00 196.00 0.00 188.00 0.00 0.0040367
4 124.00 0.00 140.00 0.00 220.00 0.00 204.00 0.00 0.00175233
4 116.00 0.00 132.00 0.00 228.00 0.00 212.00 0.00 0.000884805
4 152.00 0.00 160.00 0.00 192.00 0.00 184.00 0.00 0.00775533
4 164.00 0.00 168.00 0.00 180.00 0.00 176.00 0.00 0.032007
4 156.00 0.00 160.00 0.00 188.00 0.00 184.00 0.00 0.00354556
4 140.00 0.00 148.00 0.00 204.00 0.00 196.00 0.00 0.00117618
4 132.00 0.00 148.00 0.00 212.00 0.00 196.00 0.00 0.00348459
4 148.00 0.00 160.00 0.00 196.00 0.00 184.00 0.00 0.0148515
4 124.00 0.00 136.00 0.00 220.00 0.00 208.00 0.00 0.000837245
4 160.00 0.00 164.00 0.00 184.00 0.00 180.00 0.00 0.00714957
4 160.00 0.00 164.00 0.00 188.00 0.00 184.00 0.00 0.00536171
4 132.00 0.00 144.00 0.00 216.00 0.00 204.00 0.00 0.00121721
4 168.00 0.00 172.00 0.00 180.00 0.00 176.00 0.00 0.138812
4 164.00 0.00 168.00 0.00 184.00 0.00 180.00 0.00 0.0146099
4 140.00 0.00 152.00 0.00 212.00 0.00 200.00 0.00 0.00206561
4 164.00 0.00 168.00 0.00 188.00 0.00 184.00 0.00 0.00985141
4 148.00 0.00 156.00 0.00 204.00 0.00 196.00 0.00 0.00212293
4 120.00 0.00 136.00 0.00 232.00 0.00 216.00 0.00 0.000891721
4 128.00 0.00 140.00 0.00 224.00 0.00 212.00 0.00 0.000720441
4 152.00 0.00 160.00 0.00 200.00 0.00 192.00 0.00 0.00561445
4 128.00 0.00 144.00 0.00 224.00 0.00 208.00 0.00 0.00154816
4 144.00 0.00 152.00 0.00 208.00 0.00 200.00 0.00 0.00110469
4 156.00 0.00 164.00 0.00 196.00 0.00 188.00 0.00 0.00839975
4 160.00 0.00 164.00 0.00 192.00 0.00 188.00 0.00 0.00177106
4 152.00 0.00 164.00 0.00 200.00 0.00 188.00 0.00 0.0139343
4 136.00 0.00 152.00 0.00 216.00 0.00 200.00 0.00 0.00306198
4 112.00 0.00 128.00 0.00 240.00 0.00 224.00 0.00 0.000536586
4 168.00 0.00 172.00 0.00 184.00 0.00 180.00 0.00 0.0374805
4 168.00 0.00 172.00 0.00 188.00 0.00 184.00 0.00 0.0183149
4 164.00 0.00 168.00 0.00 192.00 0.00 188.00 0.00 0.00289761
4 172.00 0.00 176.00 0.00 184.00 0.00 180.00 0.00 0.172124
4 136.00 0.00 148.00 0.00 220.00 0.00 208.00 0.00 0.00107394
4 156.00 0.00 168.00 0.00 204.00 0.00 192.00 0.00 0.0174441
4 140.00 0.00 156.00 0.00 220.00 0.00 204.00 0.00 0.00298789
4 160.00 0.00 168.00 0.00 200.00 0.00 192.00 0.00 0.0115437
4 172.00 0.00 176.00 0.00 188.00 0.00 184.00 0.00 0.0495666
4 116.00 0.00 132.00 0.00 244.00 0.00 228.00 0.00 0.000587398
4 144.00 0.00 156.00 0.00 216.00 0.00 204.00 0.00 0.002094
4 124.00 0.00 140.00 0.00 236.00 0.00 220.00 0.00 0.000853283
4 132.00 0.00 144.00 0.00 228.00 0.00 216.00 0.00 0.000631816
4 168.00 0.00 172.00 0.00 192.00 0.00 188.00 0.00 0.00476872
4 156.00 0.00 164.00 0.00 204.00 0.00 196.00 0.00 0.00386626
4 148.00 0.00 156.00 0.00 212.00 0.00 204.00 0.00 0.00122526
4 152.00 0.00 160.00 0.00 208.00 0.00 200.00 0.00 0.001921
4 164.00 0.00 168.00 0.00 196.00 0.00 192.00 0.00 0.00491769
4 132.00 0.00 148.00 0.00 228.00 0.00 212.00 0.00 0.00129983
4 140.00 0.00 152.00 0.00 224.00 0.00 212.00 0.00 0.000960155
4 176.00 0.00 180.00 0.00 188.00 0.00 184.00 0.00 0.158669
4 172.00 0.00 176.00 0.00 192.00 0.00 188.00 0.00 0.0104942
4 168.00 0.00 172.00 0.00 196.00 0.00 192.00 0.00 0.00721088
4 156.00 0.00 164.00 0.00 212.00 0.00 204.00 0.00 0.00203106
4 136.00 0.00 148.00 0.00 232.00 0.00 220.00 0.00 0.00059358
4 160.00 0.00 172.00 0.00 208.00 0.00 196.00 0.00 0.0119912
4 136.00 0.00 152.00 0.00 232.00 0.00 216.00 0.00 0.00129312
4 148.00 0.00 160.00 0.00 220.00 0.00 208.00 0.00 0.00211632
4 120.00 0.00 136.00 0.00 248.00 0.00 232.00 0.00 0.000625798
4 164.00 0.00 172.00 0.00 204.00 0.00 196.00 0.00 0.00732617
4 176.00 0.00 180.00 0.00 192.00 0.00 188.00 0.00 0.0214689
4 160.00 0.00 168.00 0.00 208.00 0.00 200.00 0.00 0.00337757
4 152.00 0.00 160.00 0.00 216.00 0.00 208.00 0.00 0.00119094
4 128.00 0.00 144.00 0.00 240.00 0.00 224.00 0.00 0.000824328
4 144.00 0.00 160.00 0.00 224.00 0.00 208.00 0.00 0.00303583
4 168.00 0.00 172.00 0.00 200.00 0.00 196.00 0.00 0.00273621
4 172.00 0.00 176.00 0.00 196.00 0.00 192.00 0.00 0.0136926
4 180.00 0.00 184.00 0.00 192.00 0.00 188.00 0.00 0.0914753
4 144.00 0.00 156.00 0.00 228.00 0.00 216.00 0.00 0.00101165
4 172.00 0.00 176.00 0.00 200.00 0.00 196.00 0.00 0.00449244
4 176.00 0.00 180.00 0.00 196.00 0.00 192.00 0.00 0.023654
4 164.00 0.00 176.00 0.00 212.00 0.00 200.00 0.00 0.010529
4 160.00 0.00 168.00 0.00 216.00 0.00 208.00 0.00 0.00194734
4 148.00 0.00 164.00 0.00 228.00 0.00 212.00 0.00 0.0028882
4 140.00 0.00 152.00 0.00 236.00 0.00 224.00 0.00 0.00061861
4 168.00 0.00 176.00 0.00 208.00 0.00 200.00 0.00 0.00592009
4 152.00 0.00 164.00 0.00 224.00 0.00 212.00 0.00 0.00192505
4 140.00 0.00 156.00 0.00 236.00 0.00 220.00 0.00 0.00132958
4 172.00 0.00 176.00 0.00 204.00 0.00 200.00 0.00 0.00207651
4 124.00 0.00 140.00 0.00 252.00 0.00 236.00 0.00 0.000620735
4 132.00 0.00 148.00 0.00 244.00 0.00 228.00 0.00 0.000795934
4 176.00 0.00 180.00 0.00 200.00 0.00 196.00 0.00 0.00638569
4 180.00 0.00 184.00 0.00 196.00 0.00 192.00 0.00 0.0672214
4 164.00 0.00 172.00 0.00 212.00 0.00 204.00 0.00 0.00338329
4 156.00 0.00 164.00 0.00 220.00 0.00 212.00 0.00 0.00104273
4 148.00 0.00 160.00 0.00 232.00 0.00 220.00 0.00 0.00111623
4 180.00 0.00 184.00 0.00 200.00 0.00 196.00 0.00 0.0132717
4 184.00 0.00 188.00 0.00 196.00 0.00 192.00 0.00 0.378611
4 176.00 0.00 180.00 0.00 204.00 0.00 200.00 0.00 0.0026284
4 144.00 0.00 156.00 0.00 240.00 0.00 228.00 0.00 0.000702401
4 168.00 0.00 176.00 0.00 216.00 0.00 208.00 0.00 0.0030469
4 176.00 0.00 180.00 0.00 208.00 0.00 204.00 0.00 0.00172797
4 136.00 0.00 152.00 0.00 248.00 0.00 232.00 0.00 0.000844267
4 168.00 0.00 180.00 0.00 216.00 0.00 204.00 0.00 0.00922898
4 152.00 0.00 168.00 0.00 232.00 0.00 216.00 0.00 0.00307843
4 184.00 0.00 188.00 0.00 200.00 0.00 196.00 0.00 0.0419088
4 164.00 0.00 172.00 0.00 220.00 0.00 212.00 0.00 0.00162196
4 172.00 0.00 180.00 0.00 212.00 0.00 204.00 0.00 0.00557523
4 180.00 0.00 184.00 0.00 204.00 0.00 200.00 0.00 0.00455731
4 160.00 0.00 168.00 0.00 224.00 0.00 216.00 0.00 0.00108727
4 144.00 0.00 160.00 0.00 240.00 0.00 224.00 0.00 0.00148858
4 156.00 0.00 168.00 0.00 228.00 0.00 216.00 0.00 0.002044
4 180.00 0.00 184.00 0.00 208.00 0.00 204.00 0.00 0.00272671
4 188.00 0.00 192.00 0.00 200.00 0.00 196.00 0.00 0.0669784
4 152.00 0.00 164.00 0.00 236.00 0.00 224.00 0.00 0.00117875
4 184.00 0.00 188.00 0.00 204.00 0.00 200.00 0.00 0.0103622
4 184.00 0.00 188.00 0.00 208.00 0.00 204.00 0.00 0.00539182
4 148.00 0.00 164.00 0.00 244.00 0.00 228.00 0.00 0.00165212
4 176.00 0.00 184.00 0.00 216.00 0.00 208.00 0.00 0.00495319
4 164.00 0.00 172.00 0.00 228.00 0.00 220.00 0.00 0.0010592
4 172.00 0.00 180.00 0.00 220.00 0.00 212.00 0.00 0.00241821
4 180.00 0.00 184.00 0.00 212.00 0.00 208.00 0.00 0.00192646
4 140.00 0.00 156.00 0.00 252.00 0.00 236.00 0.00 0.000901838
4 172.00 0.00 184.00 0.00 220.00 0.00 208.00 0.00 0.00856663
4 188.00 0.00 192.00 0.00 204.00 0.00 200.00 0.00 0.0104746
4 156.00 0.00 172.00 0.00 236.00 0.00 220.00 0.00 0.00307293
4 148.00 0.00 160.00 0.00 244.00 0.00 232.00 0.00 0.000787689
4 160.00 0.00 172.00 0.00 232.00 0.00 220.00 0.00 0.00200969
4 168.00 0.00 176.00 0.00 224.00 0.00 216.00 0.00 0.00158119
4 156.00 0.00 168.00 0.00 240.00 0.00 228.00 0.00 0.00129956
4 184.00 0.00 188.00 0.00 212.00 0.00 208.00 0.00 0.00355558
4 192.00 0.00 196.00 0.00 204.00 0.00 200.00 0.00 0.106689
4 188.00 0.00 192.00 0.00 208.00 0.00 204.00 0.00 0.00413932
4 172.00 0.00 180.00 0.00 228.00 0.00 220.00 0.00 0.00148154
4 152.00 0.00 164.00 0.00 248.00 0.00 236.00 0.00 0.000875835
4 164.00 0.00 176.00 0.00 236.00 0.00 224.00 0.00 0.00206276
4 160.00 0.00 176.00 0.00 240.00 0.00 224.00 0.00 0.00320028
4 152.00 0.00 168.00 0.00 248.00 0.00 232.00 0.00 0.00181544
4 180.00 0.00 188.00 0.00 220.00 0.00 212.00 0.00 0.00502781
4 188.00 0.00 192.00 0.00 212.00 0.00 208.00 0.00 0.0024398
4 168.00 0.00 176.00 0.00 232.00 0.00 224.00 0.00 0.00105441
4 184.00 0.00 188.00 0.00 216.00 0.00 212.00 0.00 0.0018501
4 176.00 0.00 184.00 0.00 224.00 0.00 216.00 0.00 0.00234821
4 176.00 0.00 188.00 0.00 224.00 0.00 212.00 0.00 0.00830886
4 192.00 0.00 196.00 0.00 208.00 0.00 204.00 0.00 0.0218208
4 196.00 0.00 200.00 0.00 208.00 0.00 204.00 0.00 0.0684812
4 192.00 0.00 196.00 0.00 212.00 0.00 208.00 0.00 0.0101509
4 160.00 0.00 172.00 0.00 244.00 0.00 232.00 0.00 0.00135393
4 188.00 0.00 192.00 0.00 216.00 0.00 212.00 0.00 0.00117603
4 172.00 0.00 180.00 0.00 236.00 0.00 228.00 0.00 0.00102308
4 168.00 0.00 180.00 0.00 240.00 0.00 228.00 0.00 0.00200514
4 180.00 0.00 188.00 0.00 228.00 0.00 220.00 0.00 0.00282542
4 188.00 0.00 192.00 0.00 220.00 0.00 216.00 0.00 0.000835993
4 156.00 0.00 168.00 0.00 252.00 0.00 240.00 0.00 0.000942933
4 180.00 0.00 192.00 0.00 228.00 0.00 216.00 0.00 0.00684305
4 176.00 0.00 184.00 0.00 232.00 0.00 224.00 0.00 0.00146307
4 184.00 0.00 192.00 0.00 224.00 0.00 216.00 0.00 0.00378161
4 192.00 0.00 196.00 0.00 216.00 0.00 212.00 0.00 0.00445543
4 196.00 0.00 200.00 0.00 212.00 0.00 208.00 0.00 0.0150513
4 164.00 0.00 180.00 0.00 244.00 0.00 228.00 0.00 0.00318793
4 156.00 0.00 172.00 0.00 252.00 0.00 236.00 0.00 0.00189407
4 196.00 0.00 200.00 0.00 216.00 0.00 212.00 0.00 0.00527115
4 164.00 0.00 176.00 0.00 248.00 0.00 236.00 0.00 0.00142627
4 192.00 0.00 196.00 0.00 220.00 0.00 216.00 0.00 0.00298027
4 200.00 0.00 204.00 0.00 212.00 0.00 208.00 0.00 0.0546952
4 168.00 0.00 184.00 0.00 248.00 0.00 232.00 0.00 0.00325981
4 188.00 0.00 196.00 0.00 228.00 0.00 220.00 0.00 0.00455422
4 192.00 0.00 196.00 0.00 224.00 0.00 220.00 0.00 0.00202986
4 196.00 0.00 200.00 0.00 220.00 0.00 216.00 0.00 0.00319412
4 172.00 0.00 184.00 0.00 244.00 0.00 232.00 0.00 0.00208458
4 184.00 0.00 192.00 0.00 232.00 0.00 224.00 0.00 0.00219844
4 184.00 0.00 196.00 0.00 232.00 0.00 220.00 0.00 0.00843153
4 176.00 0.00 184.00 0.00 240.00 0.00 232.00 0.00 0.00104497
4 180.00 0.00 188.00 0.00 236.00 0.00 228.00 0.00 0.00183062
4 200.00 0.00 204.00 0.00 216.00 0.00 212.00 0.00 0.00930814
4 200.00 0.00 204.00 0.00 220.00 0.00 216.00 0.00 0.00453726
4 204.00 0.00 208.00 0.00 216.00 0.00 212.00 0.00 0.0392972
4 168.00 0.00 180.00 0.00 252.00 0.00 240.00 0.00 0.00135462
4 196.00 0.00 200.00 0.00 224.00 0.00 220.00 0.00 0.00203134
4 204.00 0.00 208.00 0.00 220.00 0.00 216.00 0.00 0.0100728
4 196.00 0.00 200.00 0.00 228.00 0.00 224.00 0.00 0.00142003
4 180.00 0.00 188.00 0.00 244.00 0.00 236.00 0.00 0.00136446
4 172.00 0.00 188.00 0.00 252.00 0.00 236.00 0.00 0.00373519
4 188.00 0.00 200.00 0.00 236.00 0.00 224.00 0.00 0.00786712
4 200.00 0.00 204.00 0.00 224.00 0.00 220.00 0.00 0.00260214
4 176.00 0.00 188.00 0.00 248.00 0.00 236.00 0.00 0.00246764
4 184.00 0.00 192.00 0.00 240.00 0.00 232.00 0.00 0.00149047
4 188.00 0.00 196.00 0.00 236.00 0.00 228.00 0.00 0.00267307
4 192.00 0.00 200.00 0.00 232.00 0.00 224.00 0.00 0.00508472
4 208.00 0.00 212.00 0.00 220.00 0.00 216.00 0.00 0.0469937
4 204.00 0.00 208.00 0.00 224.00 0.00 220.00 0.00 0.0045726
4 200.00 0.00 204.00 0.00 228.00 0.00 224.00 0.00 0.00170544
4 188.00 0.00 196.00 0.00 244.00 0.00 236.00 0.00 0.00185577
4 192.00 0.00 200.00 0.00 240.00 0.00 232.00 0.00 0.00314823
4 184.00 0.00 192.00 0.00 248.00 0.00 240.00 0.00 0.00110045
4 196.00 0.00 204.00 0.00 236.00 0.00 228.00 0.00 0.00391949
4 200.00 0.00 204.00 0.00 232.00 0.00 228.00 0.00 0.00119151
4 208.00 0.00 212.00 0.00 224.00 0.00 220.00 0.00 0.0111414
4 192.00 0.00 204.00 0.00 240.00 0.00 228.00 0.00 0.00811096
4 180.00 0.00 192.00 0.00 252.00 0.00 240.00 0.00 0.00213442
4 204.00 0.00 208.00 0.00 228.00 0.00 224.00 0.00 0.00266511
4 204.00 0.00 208.00 0.00 232.00 0.00 228.00 0.00 0.00174499
4 212.00 0.00 216.00 0.00 224.00 0.00 220.00 0.00 0.0308848
4 208.00 0.00 212.00 0.00 228.00 0.00 224.00 0.00 0.00500652
4 208.00 0.00 212.00 0.00 232.00 0.00 228.00 0.00 0.00289979
4 196.00 0.00 204.00 0.00 244.00 0.00 236.00 0.00 0.00249086
4 188.00 0.00 196.00 0.00 252.00 0.00 244.00 0.00 0.00129505
4 192.00 0.00 200.00 0.00 248.00 0.00 240.00 0.00 0.00215811
4 204.00 0.00 208.00 0.00 236.00 0.00 232.00 0.00 0.00123169
4 196.00 0.00 208.00 0.00 244.00 0.00 232.00 0.00 0.00711333
4 200.00 0.00 208.00 0.00 240.00 0.00 232.00 0.00 0.00377606
4 212.00 0.00 216.00 0.00 228.00 0.00 224.00 0.00 0.00813447
4 212.00 0.00 216.00 0.00 232.00 0.00 228.00 0.00 0.0037511
4 208.00 0.00 212.00 0.00 236.00 0.00 232.00 0.00 0.00190214
4 216.00 0.00 220.00 0.00 228.00 0.00 224.00 0.00 0.0270291
4 204.00 0.00 212.00 0.00 244.00 0.00 236.00 0.00 0.00415557
4 216.00 0.00 220.00 0.00 232.00 0.00 228.00 0.00 0.00778785
4 200.00 0.00 208.00 0.00 248.00 0.00 240.00 0.00 0.00235451
4 208.00 0.00 212.00 0.00 240.00 0.00 236.00 0.00 0.00140899
4 212.00 0.00 216.00 0.00 236.00 0.00 232.00 0.00 0.00218395
4 196.00 0.00 204.00 0.00 252.00 0.00 244.00 0.00 0.00162345
4 200.00 0.00 212.00 0.00 248.00 0.00 236.00 0.00 0.00729773
4 220.00 0.00 224.00 0.00 232.00 0.00 228.00 0.00 0.0242187
4 212.00 0.00 216.00 0.00 240.00 0.00 236.00 0.00 0.00150077
4 216.00 0.00 220.00 0.00 236.00 0.00 232.00 0.00 0.00368526
4 208.00 0.00 216.00 0.00 248.00 0.00 240.00 0.00 0.0036919
4 212.00 0.00 216.00 0.00 244.00 0.00 240.00 0.00 0.00106424
4 216.00 0.00 220.00 0.00 240.00 0.00 236.00 0.00 0.00227648
4 220.00 0.00 224.00 0.00 236.00 0.00 232.00 0.00 0.00720794
4 204.00 0.00 212.00 0.00 252.00 0.00 244.00 0.00 0.00244266
4 204.00 0.00 216.00 0.00 252.00 0.00 240.00 0.00 0.00665501
4 220.00 0.00 224.00 0.00 240.00 0.00 236.00 0.00 0.00365399
4 224.00 0.00 228.00 0.00 236.00 0.00 232.00 0.00 0.0233728
4 216.00 0.00 220.00 0.00 244.00 0.00 240.00 0.00 0.00151148
4 224.00 0.00 228.00 0.00 240.00 0.00 236.00 0.00 0.00744749
4 212.00 0.00 220.00 0.00 252.00 0.00 244.00 0.00 0.00317066
4 220.00 0.00 224.00 0.00 244.00 0.00 240.00 0.00 0.00218658
4 216.00 0.00 220.00 0.00 248.00 0.00 244.00 0.00 0.00106372
4 228.00 0.00 232.00 0.00 240.00 0.00 236.00 0.00 0.0234078
4 224.00 0.00 228.00 0.00 244.00 0.00 240.00 0.00 0.0036846
4 220.00 0.00 224.00 0.00 248.00 0.00 244.00 0.00 0.00144147
4 220.00 0.00 224.00 0.00 252.00 0.00 248.00 0.00 0.000970144
4 228.00 0.00 232.00 0.00 244.00 0.00 240.00 0.00 0.0073721
4 224.00 0.00 228.00 0.00 248.00 0.00 244.00 0.00 0.00219732
4 224.00 0.00 228.00 0.00 252.00 0.00 248.00 0.00 0.00139552
4 232.00 0.00 236.00 0.00 244.00 0.00 240.00 0.00 0.0229998
4 228.00 0.00 232.00 0.00 248.00 0.00 244.00 0.00 0.00366423
4 228.00 0.00 232.00 0.00 252.00 0.00 248.00 0.00 0.00211678
4 232.00 0.00 236.00 0.00 248.00 0.00 244.00 0.00 0.00740035
4 232.00 0.00 236.00 0.00 252.00 0.00 248.00 0.00 0.00360042
4 236.00 0.00 240.00 0.00 248.00 0.00 244.00 0.00 0.0236272
4 236.00 0.00 240.00 0.00 252.00 0.00 248.00 0.00 0.00759283
4 240.00 0.00 244.00 0.00 252.00 0.00 248.00 0.00 0.0232775
4 0.00 0.00 12.00 0.00 4.00 0.00 8.00 0.00 0.776892
4 4.00 0.00 16.00 0.00 8.00 0.00 12.00 0.00 0.7394
4 0.00 0.00 24.00 0.00 8.00 0.00 16.00 0.00 0.471481
4 8.00 0.00 20.00 0.00 12.00 0.00 16.00 0.00 0.848942
4 4.00 0.00 28.00 0.00 12.00 0.00 20.00 0.00 0.363526
4 0.00 0.00 36.00 0.00 12.00 0.00 24.00 0.00 0.434149
4 12.00 0.00 24.00 0.00 16.00 0.00 20.00 0.00 0.488365
4 8.00 0.00 32.00 0.00 16.00 0.00 24.00 0.00 0.394519
4 4.00 0.00 40.00 0.00 16.00 0.00 28.00 0.00 0.360796
4 16.00 0.00 28.00 0.00 20.00 0.00 24.00 0.00 0.765347
4 12.00 0.00 36.00 0.00 20.00 0.00 28.00 0.00 0.458154
4 0.00 0.00 48.00 0.00 16.00 0.00 32.00 0.00 0.3759
4 8.00 0.00 44.00 0.00 20.00 0.00 32.00 0.00 0.446785
4 20.00 0.00 32.00 0.00 24.00 0.00 28.00 0.00 0.523319
4 4.00 0.00 52.00 0.00 20.00 0.00 36.00 0.00 0.373482
4 16.00 0.00 40.00 0.00 24.00 0.00 32.00 0.00 0.468122
4 0.00 0.00 60.00 0.00 20.00 0.00 40.00 0.00 0.223709
4 12.00 0.00 48.00 0.00 24.00 0.00 36.00 0.00 0.466157
4 24.00 0.00 36.00 0.00 28.00 0.00 32.00 0.00 0.676119
4 8.00 0.00 56.00 0.00 24.00 0.00 40.00 0.00 0.261497
4 20.00 0.00 44.00 0.00 28.00 0.00 36.00 0.00 0.616395
4 4.00 0.00 64.00 0.00 24.00 0.00 44.00 0.00 0.163227
4 28.00 0.00 40.00 0.00 32.00 0.00 36.00 0.00 0.771661
4 16.00 0.00 52.00 0.00 28.00 0.00 40.00 0.00 0.436428
4 24.00 0.00 48.00 0.00 32.00 0.00 40.00 0.00 0.58564
4 12.00 0.00 60.00 0.00 28.00 0.00 44.00 0.00 0.229701
4 0.00 0.00 72.00 0.00 24.00 0.00 48.00 0.00 0.157045
4 20.00 0.00 56.00 0.00 32.00 0.00 44.00 0.00 0.305853
4 8.00 0.00 68.00 0.00 28.00 0.00 48.00 0.00 0.156951
4 32.00 0.00 44.00 0.00 36.00 0.00 40.00 0.00 0.912191
4 4.00 0.00 76.00 0.00 28.00 0.00 52.00 0.00 0.152811
4 28.00 0.00 52.00 0.00 36.00 0.00 44.00 0.00 0.51034
4 16.00 0.00 64.00 0.00 32.00 0.00 48.00 0.00 0.235948
4 24.00 0.00 60.00 0.00 36.00 0.00 48.00 0.00 0.333733
4 0.00 0.00 84.00 0.00 28.00 0.00 56.00 0.00 0.163057
4 12.00 0.00 72.00 0.00 32.00 0.00 52.00 0.00 0.17106
4 36.00 0.00 48.00 0.00 40.00 0.00 44.00 0.00 0.849712
4 8.00 0.00 80.00 0.00 32.00 0.00 56.00 0.00 0.189438
4 20.00 0.00 68.00 0.00 36.00 0.00 52.00 0.00 0.274717
4 32.00 0.00 56.00 0.00 40.00 0.00 48.00 0.00 0.549558
4 40.00 0.00 52.00 0.00 44.00 0.00 48.00 0.00 1.53875
4 4.00 0.00 88.00 0.00 32.00 0.00 60.00 0.00 0.184676
4 16.00 0.00 76.00 0.00 36.00 0.00 56.00 0.00 0.245637
4 28.00 0.00 64.00 0.00 40.00 0.00 52.00 0.00 0.380832
4 24.00 0.00 72.00 0.00 40.00 0.00 56.00 0.00 0.447758
4 12.00 0.00 84.00 0.00 36.00 0.00 60.00 0.00 0.233541
4 36.00 0.00 60.00 0.00 44.00 0.00 52.00 0.00 0.75915
4 0.00 0.00 96.00 0.00 32.00 0.00 64.00 0.00 0.17067
4 8.00 0.00 92.00 0.00 36.00 0.00 64.00 0.00 0.204306
4 20.00 0.00 80.00 0.00 40.00 0.00 60.00 0.00 0.300774
4 32.00 0.00 68.00 0.00 44.00 0.00 56.00 0.00 0.649541
4 44.00 0.00 56.00 0.00 48.00 0.00 52.00 0.00 1.35507
4 28.00 0.00 76.00 0.00 44.00 0.00 60.00 0.00 0.441218
4 16.00 0.00 88.00 0.00 40.00 0.00 64.00 0.00 0.259696
4 40.00 0.00 64.00 0.00 48.00 0.00 56.00 0.00 0.953766
4 4.00 0.00 100.00 0.00 36.00 0.00 68.00 0.00 0.176456
4 36.00 0.00 72.00 0.00 48.00 0.00 60.00 0.00 0.751791
4 24.00 0.00 84.00 0.00 44.00 0.00 64.00 0.00 0.368507
4 48.00 0.00 60.00 0.00 52.00 0.00 56.00 0.00 2.1656
4 0.00 0.00 108.00 0.00 36.00 0.00 72.00 0.00 0.153092
4 12.00 0.00 96.00 0.00 40.00 0.00 68.00 0.00 0.231192
4 32.00 0.00 80.00 0.00 48.00 0.00 64.00 0.00 0.464173
4 20.00 0.00 92.00 0.00 44.00 0.00 68.00 0.00 0.295191
4 44.00 0.00 68.00 0.00 52.00 0.00 60.00 0.00 0.942764
4 8.00 0.00 104.00 0.00 40.00 0.00 72.00 0.00 0.18673
4 28.00 0.00 88.00 0.00 48.00 0.00 68.00 0.00 0.366579
4 4.00 0.00 112.00 0.00 40.00 0.00 76.00 0.00 0.173873
4 52.00 0.00 64.00 0.00 56.00 0.00 60.00 0.00 1.30729
4 16.00 0.00 100.00 0.00 44.00 0.00 72.00 0.00 0.253675
4 40.00 0.00 76.00 0.00 52.00 0.00 64.00 0.00 0.591974
4 0.00 0.00 120.00 0.00 40.00 0.00 80.00 0.00 0.153419
4 24.00 0.00 96.00 0.00 48.00 0.00 72.00 0.00 0.306937
4 48.00 0.00 72.00 0.00 56.00 0.00 64.00 0.00 0.863765
4 36.00 0.00 84.00 0.00 52.00 0.00 68.00 0.00 0.443559
4 12.00 0.00 108.00 0.00 44.00 0.00 76.00 0.00 0.227215
4 56.00 0.00 68.00 0.00 60.00 0.00 64.00 0.00 1.64686
4 8.00 0.00 116.00 0.00 44.00 0.00 80.00 0.00 0.186323
4 44.00 0.00 80.00 0.00 56.00 0.00 68.00 0.00 0.360272
4 20.00 0.00 104.00 0.00 48.00 0.00 76.00 0.00 0.264635
4 32.00 0.00 92.00 0.00 52.00 0.00 72.00 0.00 0.354285
4 4.00 0.00 124.00 0.00 44.00 0.00 84.00 0.00 0.16286
4 52.00 0.00 76.00 0.00 60.00 0.00 68.00 0.00 0.504681
4 40.00 0.00 88.00 0.00 56.00 0.00 72.00 0.00 0.296
4 16.00 0.00 112.00 0.00 48.00 0.00 80.00 0.00 0.231719
4 28.00 0.00 100.00 0.00 52.00 0.00 76.00 0.00 0.310766
4 24.00 0.00 108.00 0.00 52.00 0.00 80.00 0.00 0.263446
4 36.00 0.00 96.00 0.00 56.00 0.00 76.00 0.00 0.28743
4 12.00 0.00 120.00 0.00 48.00 0.00 84.00 0.00 0.207719
4 60.00 0.00 72.00 0.00 64.00 0.00 68.00 0.00 1.36097
4 48.00 0.00 84.00 0.00 60.00 0.00 72.00 0.00 0.2973
4 20.00 0.00 116.00 0.00 52.00 0.00 84.00 0.00 0.212723
4 56.00 0.00 80.00 0.00 64.00 0.00 72.00 0.00 0.42558
4 8.00 0.00 128.00 0.00 48.00 0.00 88.00 0.00 0.187261
4 44.00 0.00 92.00 0.00 60.00 0.00 76.00 0.00 0.271354
4 32.00 0.00 104.00 0.00 56.00 0.00 80.00 0.00 0.2342
4 16.00 0.00 124.00 0.00 52.00 0.00 88.00 0.00 0.189263
4 28.00 0.00 112.00 0.00 56.00 0.00 84.00 0.00 0.19875
4 64.00 0.00 76.00 0.00 68.00 0.00 72.00 0.00 0.804778
4 40.00 0.00 100.00 0.00 60.00 0.00 80.00 0.00 0.22521
4 52.00 0.00 88.00 0.00 64.00 0.00 76.00 0.00 0.307902
4 48.00 0.00 96.00 0.00 64.00 0.00 80.00 0.00 0.232507
4 60.00 0.00 84.00 0.00 68.00 0.00 76.00 0.00 0.582905
4 12.00 0.00 132.00 0.00 52.00 0.00 92.00 0.00 0.203963
4 24.00 0.00 120.00 0.00 56.00 0.00 88.00 0.00 0.171906
4 36.00 0.00 108.00 0.00 60.00 0.00 84.00 0.00 0.190938
4 0.00 0.00 144.00 0.00 48.00 0.00 96.00 0.00 0.128181
4 20.00 0.00 128.00 0.00 56.00 0.00 92.00 0.00 0.146086
4 44.00 0.00 104.00 0.00 64.00 0.00 84.00 0.00 0.171109
4 56.00 0.00 92.00 0.00 68.00 0.00 80.00 0.00 0.406969
4 32.00 0.00 116.00 0.00 60.00 0.00 88.00 0.00 0.16285
4 68.00 0.00 80.00 0.00 72.00 0.00 76.00 0.00 1.64527
4 16.00 0.00 136.00 0.00 56.00 0.00 96.00 0.00 0.152213
4 40.00 0.00 112.00 0.00 64.00 0.00 88.00 0.00 0.150812
4 64.00 0.00 88.00 0.00 72.00 0.00 80.00 0.00 0.739046
4 4.00 0.00 148.00 0.00 52.00 0.00 100.00 0.00 0.12395
4 28.00 0.00 124.00 0.00 60.00 0.00 92.00 0.00 0.136575
4 52.00 0.00 100.00 0.00 68.00 0.00 84.00 0.00 0.233763
4 36.00 0.00 120.00 0.00 64.00 0.00 92.00 0.00 0.130507
4 60.00 0.00 96.00 0.00 72.00 0.00 84.00 0.00 0.435923
4 24.00 0.00 132.00 0.00 60.00 0.00 96.00 0.00 0.12357
4 48.00 0.00 108.00 0.00 68.00 0.00 88.00 0.00 0.174682
4 72.00 0.00 84.00 0.00 76.00 0.00 80.00 0.00 0.734547
4 44.00 0.00 116.00 0.00 68.00 0.00 92.00 0.00 0.134809
4 32.00 0.00 128.00 0.00 64.00 0.00 96.00 0.00 0.114209
4 8.00 0.00 152.00 0.00 56.00 0.00 104.00 0.00 0.107337
4 56.00 0.00 104.00 0.00 72.00 0.00 88.00 0.00 0.293424
4 20.00 0.00 140.00 0.00 60.00 0.00 100.00 0.00 0.11002
4 68.00 0.00 92.00 0.00 76.00 0.00 84.00 0.00 0.365887
4 64.00 0.00 100.00 0.00 76.00 0.00 88.00 0.00 0.241782
4 28.00 0.00 136.00 0.00 64.00 0.00 100.00 0.00 0.103147
4 52.00 0.00 112.00 0.00 72.00 0.00 92.00 0.00 0.180892
4 40.00 0.00 124.00 0.00 68.00 0.00 96.00 0.00 0.119105
4 76.00 0.00 88.00 0.00 80.00 0.00 84.00 0.00 0.642337
4 36.00 0.00 132.00 0.00 68.00 0.00 100.00 0.00 0.10855
4 0.00 0.00 168.00 0.00 56.00 0.00 112.00 0.00 0.0850627
4 60.00 0.00 108.00 0.00 76.00 0.00 92.00 0.00 0.172557
4 48.00 0.00 120.00 0.00 72.00 0.00 96.00 0.00 0.138777
4 24.00 0.00 144.00 0.00 64.00 0.00 104.00 0.00 0.0977507
4 12.00 0.00 156.00 0.00 60.00 0.00 108.00 0.00 0.0930779
4 72.00 0.00 96.00 0.00 80.00 0.00 88.00 0.00 0.299765
4 32.00 0.00 140.00 0.00 68.00 0.00 104.00 0.00 0.100624
4 56.00 0.00 116.00 0.00 76.00 0.00 96.00 0.00 0.136595
4 44.00 0.00 128.00 0.00 72.00 0.00 100.00 0.00 0.114869
4 80.00 0.00 92.00 0.00 84.00 0.00 88.00 0.00 0.682113
4 68.00 0.00 104.00 0.00 80.00 0.00 92.00 0.00 0.176775
4 64.00 0.00 112.00 0.00 80.00 0.00 96.00 0.00 0.152882
4 52.00 0.00 124.00 0.00 76.00 0.00 100.00 0.00 0.103243
4 28.00 0.00 148.00 0.00 68.00 0.00 108.00 0.00 0.093303
4 16.00 0.00 160.00 0.00 64.00 0.00 112.00 0.00 0.0922801
4 40.00 0.00 136.00 0.00 72.00 0.00 104.00 0.00 0.10602
4 76.00 0.00 100.00 0.00 84.00 0.00 92.00 0.00 0.277552
4 4.00 0.00 172.00 0.00 60.00 0.00 116.00 0.00 0.0729053
4 48.00 0.00 132.00 0.00 76.00 0.00 104.00 0.00 0.0905256
4 84.00 0.00 96.00 0.00 88.00 0.00 92.00 0.00 0.495211
4 36.00 0.00 144.00 0.00 72.00 0.00 108.00 0.00 0.0989618
4 60.00 0.00 120.00 0.00 80.00 0.00 100.00 0.00 0.128967
4 72.00 0.00 108.00 0.00 84.00 0.00 96.00 0.00 0.175528
4 20.00 0.00 164.00 0.00 68.00 0.00 116.00 0.00 0.07676
4 32.00 0.00 152.00 0.00 72.00 0.00 112.00 0.00 0.0898303
4 56.00 0.00 128.00 0.00 80.00 0.00 104.00 0.00 0.111699
4 44.00 0.00 140.00 0.00 76.00 0.00 108.00 0.00 0.0807074
4 80.00 0.00 104.00 0.00 88.00 0.00 96.00 0.00 0.269523
4 8.00 0.00 176.00 0.00 64.00 0.00 120.00 0.00 0.0639731
4 68.00 0.00 116.00 0.00 84.00 0.00 100.00 0.00 0.147885
4 88.00 0.00 100.00 0.00 92.00 0.00 96.00 0.00 0.658992
4 52.00 0.00 136.00 0.00 80.00 0.00 108.00 0.00 0.0887235
4 40.00 0.00 148.00 0.00 76.00 0.00 112.00 0.00 0.0765436
4 76.00 0.00 112.00 0.00 88.00 0.00 100.00 0.00 0.206816
4 64.00 0.00 124.00 0.00 84.00 0.00 104.00 0.00 0.132635
4 0.00 0.00 192.00 0.00 64.00 0.00 128.00 0.00 0.0562832
4 48.00 0.00 144.00 0.00 80.00 0.00 112.00 0.00 0.0791139
4 24.00 0.00 168.00 0.00 72.00 0.00 120.00 0.00 0.0765376
4 72.00 0.00 120.00 0.00 88.00 0.00 104.00 0.00 0.157375
4 84.00 0.00 108.00 0.00 92.00 0.00 100.00 0.00 0.336082
4 36.00 0.00 156.00 0.00 76.00 0.00 116.00 0.00 0.0700861
4 12.00 0.00 180.00 0.00 68.00 0.00 124.00 0.00 0.0640982
4 60.00 0.00 132.00 0.00 84.00 0.00 108.00 0.00 0.111347
4 92.00 0.00 104.00 0.00 96.00 0.00 100.00 0.00 0.575094
4 44.00 0.00 152.00 0.00 80.00 0.00 116.00 0.00 0.0704303
4 68.00 0.00 128.00 0.00 88.00 0.00 108.00 0.00 0.128351
4 80.00 0.00 116.00 0.00 92.00 0.00 104.00 0.00 0.239065
4 56.00 0.00 140.00 0.00 84.00 0.00 112.00 0.00 0.097225
4 88.00 0.00 112.00 0.00 96.00 0.00 104.00 0.00 0.378829
4 16.00 0.00 184.00 0.00 72.00 0.00 128.00 0.00 0.0646001
4 64.00 0.00 136.00 0.00 88.00 0.00 112.00 0.00 0.110675
4 40.00 0.00 160.00 0.00 80.00 0.00 120.00 0.00 0.0641579
4 4.00 0.00 196.00 0.00 68.00 0.00 132.00 0.00 0.053939
4 52.00 0.00 148.00 0.00 84.00 0.00 116.00 0.00 0.0769375
4 28.00 0.00 172.00 0.00 76.00 0.00 124.00 0.00 0.0591897
4 76.00 0.00 124.00 0.00 92.00 0.00 108.00 0.00 0.17904
4 48.00 0.00 156.00 0.00 84.00 0.00 120.00 0.00 0.0688902
4 96.00 0.00 108.00 0.00 100.00 0.00 104.00 0.00 0.6667
4 60.00 0.00 144.00 0.00 88.00 0.00 116.00 0.00 0.0984809
4 84.00 0.00 120.00 0.00 96.00 0.00 108.00 0.00 0.240572
4 72.00 0.00 132.00 0.00 92.00 0.00 112.00 0.00 0.129095
4 8.00 0.00 200.00 0.00 72.00 0.00 136.00 0.00 0.0526204
4 20.00 0.00 188.00 0.00 76.00 0.00 132.00 0.00 0.0531962
4 68.00 0.00 140.00 0.00 92.00 0.00 116.00 0.00 0.110773
4 44.00 0.00 164.00 0.00 84.00 0.00 124.00 0.00 0.0619713
4 92.00 0.00 116.00 0.00 100.00 0.00 108.00 0.00 0.318803
4 32.00 0.00 176.00 0.00 80.00 0.00 128.00 0.00 0.055751
4 80.00 0.00 128.00 0.00 96.00 0.00 112.00 0.00 0.174413
4 56.00 0.00 152.00 0.00 88.00 0.00 120.00 0.00 0.0830571
4 100.00 0.00 112.00 0.00 104.00 0.00 108.00 0.00 0.605505
4 88.00 0.00 124.00 0.00 100.00 0.00 112.00 0.00 0.217214
4 64.00 0.00 148.00 0.00 92.00 0.00 120.00 0.00 0.100462
4 76.00 0.00 136.00 0.00 96.00 0.00 116.00 0.00 0.137323
4 52.00 0.00 160.00 0.00 88.00 0.00 124.00 0.00 0.0688669
4 12.00 0.00 204.00 0.00 76.00 0.00 140.00 0.00 0.0459347
4 96.00 0.00 120.00 0.00 104.00 0.00 112.00 0.00 0.289418
4 72.00 0.00 144.00 0.00 96.00 0.00 120.00 0.00 0.108607
4 0.00 0.00 216.00 0.00 72.00 0.00 144.00 0.00 0.0468333
4 84.00 0.00 132.00 0.00 100.00 0.00 116.00 0.00 0.160528
4 36.00 0.00 180.00 0.00 84.00 0.00 132.00 0.00 0.055463
4 60.00 0.00 156.00 0.00 92.00 0.00 124.00 0.00 0.0841074
4 48.00 0.00 168.00 0.00 88.00 0.00 128.00 0.00 0.0611996
4 24.00 0.00 192.00 0.00 80.00 0.00 136.00 0.00 0.0510155
4 92.00 0.00 128.00 0.00 104.00 0.00 116.00 0.00 0.189852
4 104.00 0.00 116.00 0.00 108.00 0.00 112.00 0.00 0.623449
4 80.00 0.00 140.00 0.00 100.00 0.00 120.00 0.00 0.130215
4 68.00 0.00 152.00 0.00 96.00 0.00 124.00 0.00 0.0970147
4 56.00 0.00 164.00 0.00 92.00 0.00 128.00 0.00 0.0755006
4 4.00 0.00 220.00 0.00 76.00 0.00 148.00 0.00 0.0406608
4 64.00 0.00 160.00 0.00 96.00 0.00 128.00 0.00 0.0853587
4 76.00 0.00 148.00 0.00 100.00 0.00 124.00 0.00 0.114888
4 40.00 0.00 184.00 0.00 88.00 0.00 136.00 0.00 0.0536421
4 52.00 0.00 172.00 0.00 92.00 0.00 132.00 0.00 0.0639822
4 28.00 0.00 196.00 0.00 84.00 0.00 140.00 0.00 0.0480032
4 88.00 0.00 136.00 0.00 104.00 0.00 120.00 0.00 0.14624
4 16.00 0.00 208.00 0.00 80.00 0.00 144.00 0.00 0.0438367
4 100.00 0.00 124.00 0.00 108.00 0.00 116.00 0.00 0.301796
4 60.00 0.00 168.00 0.00 96.00 0.00 132.00 0.00 0.07595
4 72.00 0.00 156.00 0.00 100.00 0.00 128.00 0.00 0.0912329
4 96.00 0.00 132.00 0.00 108.00 0.00 120.00 0.00 0.1803
4 108.00 0.00 120.00 0.00 112.00 0.00 116.00 0.00 0.722126
4 84.00 0.00 144.00 0.00 104.00 0.00 124.00 0.00 0.125885
4 8.00 0.00 224.00 0.00 80.00 0.00 152.00 0.00 0.0397831
4 92.00 0.00 140.00 0.00 108.00 0.00 124.00 0.00 0.145658
4 56.00 0.00 176.00 0.00 96.00 0.00 136.00 0.00 0.0672054
4 20.00 0.00 212.00 0.00 84.00 0.00 148.00 0.00 0.0424974
4 80.00 0.00 152.00 0.00 104.00 0.00 128.00 0.00 0.106973
4 44.00 0.00 188.00 0.00 92.00 0.00 140.00 0.00 0.0516671
4 104.00 0.00 128.00 0.00 112.00 0.00 120.00 0.00 0.31827
4 68.00 0.00 164.00 0.00 100.00 0.00 132.00 0.00 0.0815586
4 32.00 0.00 200.00 0.00 88.00 0.00 144.00 0.00 0.0456586
4 88.00 0.00 148.00 0.00 108.00 0.00 128.00 0.00 0.126985
4 112.00 0.00 124.00 0.00 116.00 0.00 120.00 0.00 0.575823
4 76.00 0.00 160.00 0.00 104.00 0.00 132.00 0.00 0.093321
4 100.00 0.00 136.00 0.00 112.00 0.00 124.00 0.00 0.189398
4 64.00 0.00 172.00 0.00 100.00 0.00 136.00 0.00 0.0732269
4 96.00 0.00 144.00 0.00 112.00 0.00 128.00 0.00 0.147291
4 24.00 0.00 216.00 0.00 88.00 0.00 152.00 0.00 0.0421597
4 0.00 0.00 240.00 0.00 80.00 0.00 160.00 0.00 0.0384645
4 48.00 0.00 192.00 0.00 96.00 0.00 144.00 0.00 0.0512478
4 108.00 0.00 132.00 0.00 116.00 0.00 124.00 0.00 0.298987
4 72.00 0.00 168.00 0.00 104.00 0.00 136.00 0.00 0.0756076
4 84.00 0.00 156.00 0.00 108.00 0.00 132.00 0.00 0.107858
4 12.00 0.00 228.00 0.00 84.00 0.00 156.00 0.00 0.0404357
4 36.00 0.00 204.00 0.00 92.00 0.00 148.00 0.00 0.0449933
4 60.00 0.00 180.00 0.00 100.00 0.00 140.00 0.00 0.0660272
4 92.00 0.00 152.00 0.00 112.00 0.00 132.00 0.00 0.12784
4 80.00 0.00 164.00 0.00 108.00 0.00 136.00 0.00 0.0906858
4 68.00 0.00 176.00 0.00 104.00 0.00 140.00 0.00 0.0676126
4 116.00 0.00 128.00 0.00 120.00 0.00 124.00 0.00 0.693649
4 104.00 0.00 140.00 0.00 116.00 0.00 128.00 0.00 0.19235
4 88.00 0.00 160.00 0.00 112.00 0.00 136.00 0.00 0.105405
4 76.00 0.00 172.00 0.00 108.00 0.00 140.00 0.00 0.0780071
4 40.00 0.00 208.00 0.00 96.00 0.00 152.00 0.00 0.0434352
4 52.00 0.00 196.00 0.00 100.00 0.00 148.00 0.00 0.0482419
4 112.00 0.00 136.00 0.00 120.00 0.00 128.00 0.00 0.294182
4 16.00 0.00 232.00 0.00 88.00 0.00 160.00 0.00 0.0405486
4 100.00 0.00 148.00 0.00 116.00 0.00 132.00 0.00 0.156175
4 64.00 0.00 184.00 0.00 104.00 0.00 144.00 0.00 0.0619804
4 28.00 0.00 220.00 0.00 92.00 0.00 156.00 0.00 0.0421466
4 4.00 0.00 244.00 0.00 84.00 0.00 164.00 0.00 0.0387119
4 84.00 0.00 168.00 0.00 112.00 0.00 140.00 0.00 0.0871248
4 120.00 0.00 132.00 0.00 124.00 0.00 128.00 0.00 0.531444
4 72.00 0.00 180.00 0.00 108.00 0.00 144.00 0.00 0.0645868
4 108.00 0.00 144.00 0.00 120.00 0.00 132.00 0.00 0.217891
4 96.00 0.00 156.00 0.00 116.00 0.00 136.00 0.00 0.120823
4 80.00 0.00 176.00 0.00 112.00 0.00 144.00 0.00 0.0743036
4 44.00 0.00 212.00 0.00 100.00 0.00 156.00 0.00 0.0415565
4 32.00 0.00 224.00 0.00 96.00 0.00 160.00 0.00 0.041774
4 116.00 0.00 140.00 0.00 124.00 0.00 132.00 0.00 0.299194
4 68.00 0.00 188.00 0.00 108.00 0.00 148.00 0.00 0.0577966
4 20.00 0.00 236.00 0.00 92.00 0.00 164.00 0.00 0.0409043
4 104.00 0.00 152.00 0.00 120.00 0.00 136.00 0.00 0.162052
4 92.00 0.00 164.00 0.00 116.00 0.00 140.00 0.00 0.0975457
4 56.00 0.00 200.00 0.00 104.00 0.00 152.00 0.00 0.0489356
4 8.00 0.00 248.00 0.00 88.00 0.00 168.00 0.00 0.038875
4 76.00 0.00 184.00 0.00 112.00 0.00 148.00 0.00 0.0664309
4 124.00 0.00 136.00 0.00 128.00 0.00 132.00 0.00 0.626486
4 100.00 0.00 160.00 0.00 120.00 0.00 140.00 0.00 0.118434
4 112.00 0.00 148.00 0.00 124.00 0.00 136.00 0.00 0.207052
4 88.00 0.00 172.00 0.00 116.00 0.00 144.00 0.00 0.0819008
4 72.00 0.00 192.00 0.00 112.00 0.00 152.00 0.00 0.057708
4 48.00 0.00 216.00 0.00 104.00 0.00 160.00 0.00 0.0410837
4 120.00 0.00 144.00 0.00 128.00 0.00 136.00 0.00 0.302318
4 60.00 0.00 204.00 0.00 108.00 0.00 156.00 0.00 0.0490195
4 12.00 0.00 252.00 0.00 92.00 0.00 172.00 0.00 0.0399055
4 108.00 0.00 156.00 0.00 124.00 0.00 140.00 0.00 0.150593
4 96.00 0.00 168.00 0.00 120.00 0.00 144.00 0.00 0.0915906
4 36.00 0.00 228.00 0.00 100.00 0.00 164.00 0.00 0.0410359
4 84.00 0.00 180.00 0.00 116.00 0.00 148.00 0.00 0.0715579
4 24.00 0.00 240.00 0.00 96.00 0.00 168.00 0.00 0.0410765
4 116.00 0.00 152.00 0.00 128.00 0.00 140.00 0.00 0.197616
4 104.00 0.00 164.00 0.00 124.00 0.00 144.00 0.00 0.110627
4 128.00 0.00 140.00 0.00 132.00 0.00 136.00 0.00 0.47615
4 92.00 0.00 176.00 0.00 120.00 0.00 148.00 0.00 0.0785026
4 80.00 0.00 188.00 0.00 116.00 0.00 152.00 0.00 0.0636312
4 64.00 0.00 208.00 0.00 112.00 0.00 160.00 0.00 0.0489715
4 100.00 0.00 172.00 0.00 124.00 0.00 148.00 0.00 0.0869742
4 40.00 0.00 232.00 0.00 104.00 0.00 168.00 0.00 0.0400449
4 28.00 0.00 244.00 0.00 100.00 0.00 172.00 0.00 0.0401622
4 124.00 0.00 148.00 0.00 132.00 0.00 140.00 0.00 0.272834
4 88.00 0.00 184.00 0.00 120.00 0.00 152.00 0.00 0.0720945
4 112.00 0.00 160.00 0.00 128.00 0.00 144.00 0.00 0.135627
4 76.00 0.00 196.00 0.00 116.00 0.00 156.00 0.00 0.0577467
4 52.00 0.00 220.00 0.00 108.00 0.00 164.00 0.00 0.0419124
4 120.00 0.00 156.00 0.00 132.00 0.00 144.00 0.00 0.161616
4 96.00 0.00 180.00 0.00 124.00 0.00 152.00 0.00 0.0766469
4 132.00 0.00 144.00 0.00 136.00 0.00 140.00 0.00 0.508283
4 84.00 0.00 192.00 0.00 120.00 0.00 156.00 0.00 0.0650705
4 108.00 0.00 168.00 0.00 128.00 0.00 148.00 0.00 0.105224
4 68.00 0.00 212.00 0.00 116.00 0.00 164.00 0.00 0.0477688
4 92.00 0.00 188.00 0.00 124.00 0.00 156.00 0.00 0.0678338
4 32.00 0.00 248.00 0.00 104.00 0.00 176.00 0.00 0.0392845
4 116.00 0.00 164.00 0.00 132.00 0.00 148.00 0.00 0.12057
4 56.00 0.00 224.00 0.00 112.00 0.00 168.00 0.00 0.0446657
4 128.00 0.00 152.00 0.00 136.00 0.00 144.00 0.00 0.233314
4 104.00 0.00 176.00 0.00 128.00 0.00 152.00 0.00 0.0886061
4 80.00 0.00 200.00 0.00 120.00 0.00 160.00 0.00 0.0569647
4 44.00 0.00 236.00 0.00 108.00 0.00 172.00 0.00 0.0395729
4 136.00 0.00 148.00 0.00 140.00 0.00 144.00 0.00 0.412638
4 100.00 0.00 184.00 0.00 128.00 0.00 156.00 0.00 0.0775485
4 124.00 0.00 160.00 0.00 136.00 0.00 148.00 0.00 0.15112
4 112.00 0.00 172.00 0.00 132.00 0.00 152.00 0.00 0.0999223
4 88.00 0.00 196.00 0.00 124.00 0.00 160.00 0.00 0.0615346
4 36.00 0.00 252.00 0.00 108.00 0.00 180.00 0.00 0.038702
4 60.00 0.00 228.00 0.00 116.00 0.00 172.00 0.00 0.045446
4 132.00 0.00 156.00 0.00 140.00 0.00 148.00 0.00 0.225242
4 48.00 0.00 240.00 0.00 112.00 0.00 176.00 0.00 0.0405755
4 120.00 0.00 168.00 0.00 136.00 0.00 152.00 0.00 0.116483
4 96.00 0.00 192.00 0.00 128.00 0.00 160.00 0.00 0.0699529
4 108.00 0.00 180.00 0.00 132.00 0.00 156.00 0.00 0.087588
4 84.00 0.00 204.00 0.00 124.00 0.00 164.00 0.00 0.0560557
4 72.00 0.00 216.00 0.00 120.00 0.00 168.00 0.00 0.0484127
4 128.00 0.00 164.00 0.00 140.00 0.00 152.00 0.00 0.149557
4 104.00 0.00 188.00 0.00 132.00 0.00 160.00 0.00 0.0764358
4 116.00 0.00 176.00 0.00 136.00 0.00 156.00 0.00 0.0990336
4 92.00 0.00 200.00 0.00 128.00 0.00 164.00 0.00 0.0598782
4 140.00 0.00 152.00 0.00 144.00 0.00 148.00 0.00 0.425061
4 124.00 0.00 172.00 0.00 140.00 0.00 156.00 0.00 0.119493
4 100.00 0.00 196.00 0.00 132.00 0.00 164.00 0.00 0.0657203
4 64.00 0.00 232.00 0.00 120.00 0.00 176.00 0.00 0.0462442
4 88.00 0.00 208.00 0.00 128.00 0.00 168.00 0.00 0.0565804
4 136.00 0.00 160.00 0.00 144.00 0.00 152.00 0.00 0.24515
4 112.00 0.00 184.00 0.00 136.00 0.00 160.00 0.00 0.0898423
4 76.00 0.00 220.00 0.00 124.00 0.00 172.00 0.00 0.0501917
4 52.00 0.00 244.00 0.00 116.00 0.00 180.00 0.00 0.0443147
4 96.00 0.00 204.00 0.00 132.00 0.00 168.00 0.00 0.0592129
4 132.00 0.00 168.00 0.00 144.00 0.00 156.00 0.00 0.168431
4 144.00 0.00 156.00 0.00 148.00 0.00 152.00 0.00 0.412633
4 120.00 0.00 180.00 0.00 140.00 0.00 160.00 0.00 0.102865
4 108.00 0.00 192.00 0.00 136.00 0.00 164.00 0.00 0.0805048
4 92.00 0.00 212.00 0.00 132.00 0.00 172.00 0.00 0.0545767
4 56.00 0.00 248.00 0.00 120.00 0.00 184.00 0.00 0.0444551
4 128.00 0.00 176.00 0.00 144.00 0.00 160.00 0.00 0.128886
4 116.00 0.00 188.00 0.00 140.00 0.00 164.00 0.00 0.0886809
4 80.00 0.00 224.00 0.00 128.00 0.00 176.00 0.00 0.0506657
4 140.00 0.00 164.00 0.00 148.00 0.00 156.00 0.00 0.256044
4 104.00 0.00 200.00 0.00 136.00 0.00 168.00 0.00 0.067201
4 68.00 0.00 236.00 0.00 124.00 0.00 180.00 0.00 0.0453517
4 148.00 0.00 160.00 0.00 152.00 0.00 156.00 0.00 0.401231
4 124.00 0.00 184.00 0.00 144.00 0.00 164.00 0.00 0.111359
4 100.00 0.00 208.00 0.00 136.00 0.00 172.00 0.00 0.0597143
4 112.00 0.00 196.00 0.00 140.00 0.00 168.00 0.00 0.0779036
4 136.00 0.00 172.00 0.00 148.00 0.00 160.00 0.00 0.182008
4 72.00 0.00 240.00 0.00 128.00 0.00 184.00 0.00 0.0453491
4 120.00 0.00 192.00 0.00 144.00 0.00 168.00 0.00 0.0968689
4 84.00 0.00 228.00 0.00 132.00 0.00 180.00 0.00 0.0497103
4 144.00 0.00 168.00 0.00 152.00 0.00 160.00 0.00 0.241239
4 108.00 0.00 204.00 0.00 140.00 0.00 172.00 0.00 0.0683546
4 60.00 0.00 252.00 0.00 124.00 0.00 188.00 0.00 0.0478137
4 132.00 0.00 180.00 0.00 148.00 0.00 164.00 0.00 0.143923
4 96.00 0.00 216.00 0.00 136.00 0.00 176.00 0.00 0.0552354
4 152.00 0.00 164.00 0.00 156.00 0.00 160.00 0.00 0.433201
4 116.00 0.00 200.00 0.00 144.00 0.00 172.00 0.00 0.0783837
4 140.00 0.00 176.00 0.00 152.00 0.00 164.00 0.00 0.177526
4 104.00 0.00 212.00 0.00 140.00 0.00 176.00 0.00 0.0615061
4 128.00 0.00 188.00 0.00 148.00 0.00 168.00 0.00 0.112522
4 148.00 0.00 172.00 0.00 156.00 0.00 164.00 0.00 0.228919
4 112.00 0.00 208.00 0.00 144.00 0.00 176.00 0.00 0.0709252
4 76.00 0.00 244.00 0.00 132.00 0.00 188.00 0.00 0.0478145
4 124.00 0.00 196.00 0.00 148.00 0.00 172.00 0.00 0.092505
4 100.00 0.00 220.00 0.00 140.00 0.00 180.00 0.00 0.0560541
4 136.00 0.00 184.00 0.00 152.00 0.00 168.00 0.00 0.146669
4 88.00 0.00 232.00 0.00 136.00 0.00 184.00 0.00 0.0503588
4 108.00 0.00 216.00 0.00 144.00 0.00 180.00 0.00 0.0636344
4 156.00 0.00 168.00 0.00 160.00 0.00 164.00 0.00 0.408563
4 144.00 0.00 180.00 0.00 156.00 0.00 168.00 0.00 0.172517
4 120.00 0.00 204.00 0.00 148.00 0.00 176.00 0.00 0.079253
4 132.00 0.00 192.00 0.00 152.00 0.00 172.00 0.00 0.120036
4 104.00 0.00 224.00 0.00 144.00 0.00 184.00 0.00 0.0592194
4 152.00 0.00 176.00 0.00 160.00 0.00 168.00 0.00 0.222999
4 140.00 0.00 188.00 0.00 156.00 0.00 172.00 0.00 0.135784
4 128.00 0.00 200.00 0.00 152.00 0.00 176.00 0.00 0.0891255
4 116.00 0.00 212.00 0.00 148.00 0.00 180.00 0.00 0.070064
4 80.00 0.00 248.00 0.00 136.00 0.00 192.00 0.00 0.0465228
4 92.00 0.00 236.00 0.00 140.00 0.00 188.00 0.00 0.0524364
4 148.00 0.00 184.00 0.00 160.00 0.00 172.00 0.00 0.163555
4 136.00 0.00 196.00 0.00 156.00 0.00 176.00 0.00 0.108215
4 124.00 0.00 208.00 0.00 152.00 0.00 180.00 0.00 0.0771974
4 160.00 0.00 172.00 0.00 164.00 0.00 168.00 0.00 0.464328
4 112.00 0.00 220.00 0.00 148.00 0.00 184.00 0.00 0.0649866
4 144.00 0.00 192.00 0.00 160.00 0.00 176.00 0.00 0.135904
4 132.00 0.00 204.00 0.00 156.00 0.00 180.00 0.00 0.0877895
4 96.00 0.00 240.00 0.00 144.00 0.00 192.00 0.00 0.0519211
4 120.00 0.00 216.00 0.00 152.00 0.00 184.00 0.00 0.0688986
4 84.00 0.00 252.00 0.00 140.00 0.00 196.00 0.00 0.049297
4 156.00 0.00 180.00 0.00 164.00 0.00 172.00 0.00 0.228534
4 108.00 0.00 228.00 0.00 148.00 0.00 188.00 0.00 0.0629756
4 152.00 0.00 188.00 0.00 164.00 0.00 176.00 0.00 0.152615
4 128.00 0.00 212.00 0.00 156.00 0.00 184.00 0.00 0.0745608
4 116.00 0.00 224.00 0.00 152.00 0.00 188.00 0.00 0.0668245
4 164.00 0.00 176.00 0.00 168.00 0.00 172.00 0.00 0.429396
4 140.00 0.00 200.00 0.00 160.00 0.00 180.00 0.00 0.0976408
4 136.00 0.00 208.00 0.00 160.00 0.00 184.00 0.00 0.0840215
4 148.00 0.00 196.00 0.00 164.00 0.00 180.00 0.00 0.110225
4 124.00 0.00 220.00 0.00 156.00 0.00 188.00 0.00 0.0713322
4 112.00 0.00 232.00 0.00 152.00 0.00 192.00 0.00 0.0605541
4 160.00 0.00 184.00 0.00 168.00 0.00 176.00 0.00 0.235541
4 100.00 0.00 244.00 0.00 148.00 0.00 196.00 0.00 0.0559205
4 168.00 0.00 180.00 0.00 172.00 0.00 176.00 0.00 0.491334
4 132.00 0.00 216.00 0.00 160.00 0.00 188.00 0.00 0.0777851
4 120.00 0.00 228.00 0.00 156.00 0.00 192.00 0.00 0.0630843
4 156.00 0.00 192.00 0.00 168.00 0.00 180.00 0.00 0.154901
4 144.00 0.00 204.00 0.00 164.00 0.00 184.00 0.00 0.0901873
4 164.00 0.00 188.00 0.00 172.00 0.00 180.00 0.00 0.204969
4 128.00 0.00 224.00 0.00 160.00 0.00 192.00 0.00 0.0666821
4 152.00 0.00 200.00 0.00 168.00 0.00 184.00 0.00 0.0994325
4 116.00 0.00 236.00 0.00 156.00 0.00 196.00 0.00 0.0636064
4 104.00 0.00 248.00 0.00 152.00 0.00 200.00 0.00 0.0569138
4 140.00 0.00 212.00 0.00 164.00 0.00 188.00 0.00 0.0834186
4 172.00 0.00 184.00 0.00 176.00 0.00 180.00 0.00 0.425648
4 124.00 0.00 232.00 0.00 160.00 0.00 196.00 0.00 0.0665912
4 148.00 0.00 208.00 0.00 168.00 0.00 188.00 0.00 0.0893934
4 160.00 0.00 196.00 0.00 172.00 0.00 184.00 0.00 0.129888
4 136.00 0.00 220.00 0.00 164.00 0.00 192.00 0.00 0.0719798
4 156.00 0.00 204.00 0.00 172.00 0.00 188.00 0.00 0.103986
4 168.00 0.00 192.00 0.00 176.00 0.00 184.00 0.00 0.237561
4 144.00 0.00 216.00 0.00 168.00 0.00 192.00 0.00 0.073794
4 120.00 0.00 240.00 0.00 160.00 0.00 200.00 0.00 0.0627311
4 108.00 0.00 252.00 0.00 156.00 0.00 204.00 0.00 0.0562303
4 132.00 0.00 228.00 0.00 164.00 0.00 196.00 0.00 0.0716039
4 164.00 0.00 200.00 0.00 176.00 0.00 188.00 0.00 0.12949
4 152.00 0.00 212.00 0.00 172.00 0.00 192.00 0.00 0.0796973
4 128.00 0.00 236.00 0.00 164.00 0.00 200.00 0.00 0.0660972
4 176.00 0.00 188.00 0.00 180.00 0.00 184.00 0.00 0.436531
4 140.00 0.00 224.00 0.00 168.00 0.00 196.00 0.00 0.075518
4 160.00 0.00 208.00 0.00 176.00 0.00 192.00 0.00 0.09252
4 124.00 0.00 244.00 0.00 164.00 0.00 204.00 0.00 0.0613321
4 136.00 0.00 232.00 0.00 168.00 0.00 200.00 0.00 0.0706695
4 148.00 0.00 220.00 0.00 172.00 0.00 196.00 0.00 0.078897
4 172.00 0.00 196.00 0.00 180.00 0.00 188.00 0.00 0.223477
4 180.00 0.00 192.00 0.00 184.00 0.00 188.00 0.00 0.708549
4 168.00 0.00 204.00 0.00 180.00 0.00 192.00 0.00 0.119161
4 144.00 0.00 228.00 0.00 172.00 0.00 200.00 0.00 0.0741629
4 156.00 0.00 216.00 0.00 176.00 0.00 196.00 0.00 0.0878719
4 132.00 0.00 240.00 0.00 168.00 0.00 204.00 0.00 0.0648004
4 176.00 0.00 200.00 0.00 184.00 0.00 192.00 0.00 0.176955
4 152.00 0.00 224.00 0.00 176.00 0.00 200.00 0.00 0.0788874
4 164.00 0.00 212.00 0.00 180.00 0.00 196.00 0.00 0.107504
4 140.00 0.00 236.00 0.00 172.00 0.00 204.00 0.00 0.069012
4 128.00 0.00 248.00 0.00 168.00 0.00 208.00 0.00 0.0594417
4 172.00 0.00 208.00 0.00 184.00 0.00 196.00 0.00 0.140403
4 184.00 0.00 196.00 0.00 188.00 0.00 192.00 0.00 0.230527
4 160.00 0.00 220.00 0.00 180.00 0.00 200.00 0.00 0.0924077
4 148.00 0.00 232.00 0.00 176.00 0.00 204.00 0.00 0.0715335
4 136.00 0.00 244.00 0.00 172.00 0.00 208.00 0.00 0.0636534
4 180.00 0.00 204.00 0.00 188.00 0.00 196.00 0.00 0.176585
4 144.00 0.00 240.00 0.00 176.00 0.00 208.00 0.00 0.0664071
4 132.00 0.00 252.00 0.00 172.00 0.00 212.00 0.00 0.0597071
4 168.00 0.00 216.00 0.00 184.00 0.00 200.00 0.00 0.112466
4 156.00 0.00 228.00 0.00 180.00 0.00 204.00 0.00 0.0794505
4 140.00 0.00 248.00 0.00 176.00 0.00 212.00 0.00 0.0625873
4 152.00 0.00 236.00 0.00 180.00 0.00 208.00 0.00 0.0721632
4 176.00 0.00 212.00 0.00 188.00 0.00 200.00 0.00 0.125953
4 188.00 0.00 200.00 0.00 192.00 0.00 196.00 0.00 0.671237
4 164.00 0.00 224.00 0.00 184.00 0.00 204.00 0.00 0.0923789
4 184.00 0.00 208.00 0.00 192.00 0.00 200.00 0.00 0.23172
4 148.00 0.00 244.00 0.00 180.00 0.00 212.00 0.00 0.0664053
4 172.00 0.00 220.00 0.00 188.00 0.00 204.00 0.00 0.100015
4 160.00 0.00 232.00 0.00 184.00 0.00 208.00 0.00 0.0804018
4 180.00 0.00 216.00 0.00 192.00 0.00 204.00 0.00 0.142893
4 144.00 0.00 252.00 0.00 180.00 0.00 216.00 0.00 0.0606563
4 168.00 0.00 228.00 0.00 188.00 0.00 208.00 0.00 0.0857539
4 192.00 0.00 204.00 0.00 196.00 0.00 200.00 0.00 0.247932
4 156.00 0.00 240.00 0.00 184.00 0.00 212.00 0.00 0.0724906
4 176.00 0.00 224.00 0.00 192.00 0.00 208.00 0.00 0.113826
4 188.00 0.00 212.00 0.00 196.00 0.00 204.00 0.00 0.149362
4 152.00 0.00 248.00 0.00 184.00 0.00 216.00 0.00 0.06445
4 164.00 0.00 236.00 0.00 188.00 0.00 212.00 0.00 0.0758547
4 160.00 0.00 244.00 0.00 188.00 0.00 216.00 0.00 0.0663678
4 172.00 0.00 232.00 0.00 192.00 0.00 212.00 0.00 0.0949204
4 196.00 0.00 208.00 0.00 200.00 0.00 204.00 0.00 0.225175
4 184.00 0.00 220.00 0.00 196.00 0.00 208.00 0.00 0.102048
4 168.00 0.00 240.00 0.00 192.00 0.00 216.00 0.00 0.0802388
4 156.00 0.00 252.00 0.00 188.00 0.00 220.00 0.00 0.0591527
4 192.00 0.00 216.00 0.00 200.00 0.00 208.00 0.00 0.101461
4 180.00 0.00 228.00 0.00 196.00 0.00 212.00 0.00 0.0883758
4 164.00 0.00 248.00 0.00 192.00 0.00 220.00 0.00 0.0691415
4 200.00 0.00 212.00 0.00 204.00 0.00 208.00 0.00 0.178798
4 188.00 0.00 224.00 0.00 200.00 0.00 212.00 0.00 0.0947414
4 176.00 0.00 236.00 0.00 196.00 0.00 216.00 0.00 0.0760986
4 196.00 0.00 220.00 0.00 204.00 0.00 212.00 0.00 0.114502
4 184.00 0.00 232.00 0.00 200.00 0.00 216.00 0.00 0.0767528
4 172.00 0.00 244.00 0.00 196.00 0.00 220.00 0.00 0.0658019
4 204.00 0.00 216.00 0.00 208.00 0.00 212.00 0.00 0.171976
4 192.00 0.00 228.00 0.00 204.00 0.00 216.00 0.00 0.0803539
4 180.00 0.00 240.00 0.00 200.00 0.00 220.00 0.00 0.0671532
4 168.00 0.00 252.00 0.00 196.00 0.00 224.00 0.00 0.0588362
4 200.00 0.00 224.00 0.00 208.00 0.00 216.00 0.00 0.0985129
4 176.00 0.00 248.00 0.00 200.00 0.00 224.00 0.00 0.0600022
4 188.00 0.00 236.00 0.00 204.00 0.00 220.00 0.00 0.0754832
4 196.00 0.00 232.00 0.00 208.00 0.00 220.00 0.00 0.0809052
4 184.00 0.00 244.00 0.00 204.00 0.00 224.00 0.00 0.0638278
4 208.00 0.00 220.00 0.00 212.00 0.00 216.00 0.00 0.120134
4 192.00 0.00 240.00 0.00 208.00 0.00 224.00 0.00 0.0660392
4 180.00 0.00 252.00 0.00 204.00 0.00 228.00 0.00 0.0572655
4 204.00 0.00 228.00 0.00 212.00 0.00 220.00 0.00 0.07994
4 188.00 0.00 248.00 0.00 208.00 0.00 228.00 0.00 0.062466
4 200.00 0.00 236.00 0.00 212.00 0.00 224.00 0.00 0.0700632
4 212.00 0.00 224.00 0.00 216.00 0.00 220.00 0.00 0.123359
4 196.00 0.00 244.00 0.00 212.00 0.00 228.00 0.00 0.0640212
4 208.00 0.00 232.00 0.00 216.00 0.00 224.00 0.00 0.0779622
4 216.00 0.00 228.00 0.00 220.00 0.00 224.00 0.00 0.102859
4 204.00 0.00 240.00 0.00 216.00 0.00 228.00 0.00 0.0677074
4 192.00 0.00 252.00 0.00 212.00 0.00 232.00 0.00 0.0552332
4 212.00 0.00 236.00 0.00 220.00 0.00 228.00 0.00 0.0781325
4 200.00 0.00 248.00 0.00 216.00 0.00 232.00 0.00 0.0634494
4 208.00 0.00 244.00 0.00 220.00 0.00 232.00 0.00 0.0665209
4 220.00 0.00 232.00 0.00 224.00 0.00 228.00 0.00 0.0956828
4 204.00 0.00 252.00 0.00 220.00 0.00 236.00 0.00 0.062484
4 216.00 0.00 240.00 0.00 224.00 0.00 232.00 0.00 0.0742713
4 212.00 0.00 248.00 0.00 224.00 0.00 236.00 0.00 0.067241
4 224.00 0.00 236.00 0.00 228.00 0.00 232.00 0.00 0.0912679
4 220.00 0.00 244.00 0.00 228.00 0.00 236.00 0.00 0.0726311
4 216.00 0.00 252.00 0.00 228.00 0.00 240.00 0.00 0.067735
4 228.00 0.00 240.00 0.00 232.00 0.00 236.00 0.00 0.0893273
4 224.00 0.00 248.00 0.00 232.00 0.00 240.00 0.00 0.0736157
4 232.00 0.00 244.00 0.00 236.00 0.00 240.00 0.00 0.0919735
4 228.00 0.00 252.00 0.00 236.00 0.00 244.00 0.00 0.0764609
4 236.00 0.00 248.00 0.00 240.00 0.00 244.00 0.00 0.0914489
4 240.00 0.00 252.00 0.00 244.00 0.00 248.00 0.00 0.102012
0
0
0
0
0
0
0
0
