Project8 ALL64_1
4.00
11
11
Type of measurement (0=app.resistivity,1=resistance)
1
1279
2
0
4 0.00 0.00 4.00 0.00 12.00 0.00 8.00 0.00 0.10351
4 0.00 0.00 4.00 0.00 16.00 0.00 12.00 0.00 0.0218613
4 0.00 0.00 4.00 0.00 20.00 0.00 16.00 0.00 0.0083237
4 4.00 0.00 8.00 0.00 16.00 0.00 12.00 0.00 0.0828304
4 0.00 0.00 4.00 0.00 24.00 0.00 20.00 0.00 0.00450218
4 4.00 0.00 8.00 0.00 20.00 0.00 16.00 0.00 0.0181098
4 0.00 0.00 4.00 0.00 28.00 0.00 24.00 0.00 0.00264351
4 4.00 0.00 8.00 0.00 24.00 0.00 20.00 0.00 0.00738233
4 8.00 0.00 12.00 0.00 20.00 0.00 16.00 0.00 0.0920199
4 0.00 0.00 4.00 0.00 32.00 0.00 28.00 0.00 0.00248782
4 4.00 0.00 8.00 0.00 28.00 0.00 24.00 0.00 0.00380122
4 8.00 0.00 12.00 0.00 24.00 0.00 20.00 0.00 0.0200365
4 4.00 0.00 8.00 0.00 32.00 0.00 28.00 0.00 0.00318594
4 8.00 0.00 12.00 0.00 28.00 0.00 24.00 0.00 0.00768195
4 12.00 0.00 16.00 0.00 24.00 0.00 20.00 0.00 0.0884231
4 4.00 0.00 8.00 0.00 36.00 0.00 32.00 0.00 0.00222692
4 8.00 0.00 12.00 0.00 32.00 0.00 28.00 0.00 0.00550678
4 12.00 0.00 16.00 0.00 28.00 0.00 24.00 0.00 0.0178724
4 0.00 0.00 8.00 0.00 40.00 0.00 32.00 0.00 0.00710781
4 8.00 0.00 12.00 0.00 36.00 0.00 32.00 0.00 0.00341202
4 12.00 0.00 16.00 0.00 32.00 0.00 28.00 0.00 0.00929095
4 16.00 0.00 20.00 0.00 28.00 0.00 24.00 0.00 0.0835397
4 0.00 0.00 12.00 0.00 48.00 0.00 36.00 0.00 0.014532
4 16.00 0.00 20.00 0.00 32.00 0.00 28.00 0.00 0.0215201
4 4.00 0.00 12.00 0.00 44.00 0.00 36.00 0.00 0.00757031
4 8.00 0.00 12.00 0.00 40.00 0.00 36.00 0.00 0.00248851
4 0.00 0.00 8.00 0.00 48.00 0.00 40.00 0.00 0.00501812
4 12.00 0.00 16.00 0.00 36.00 0.00 32.00 0.00 0.00502498
4 16.00 0.00 20.00 0.00 36.00 0.00 32.00 0.00 0.00852771
4 20.00 0.00 24.00 0.00 32.00 0.00 28.00 0.00 0.106823
4 12.00 0.00 16.00 0.00 40.00 0.00 36.00 0.00 0.00331743
4 8.00 0.00 16.00 0.00 48.00 0.00 40.00 0.00 0.00874408
4 16.00 0.00 20.00 0.00 40.00 0.00 36.00 0.00 0.00495737
4 4.00 0.00 12.00 0.00 52.00 0.00 44.00 0.00 0.00640695
4 0.00 0.00 8.00 0.00 56.00 0.00 48.00 0.00 0.00417345
4 4.00 0.00 16.00 0.00 52.00 0.00 40.00 0.00 0.0169161
4 20.00 0.00 24.00 0.00 36.00 0.00 32.00 0.00 0.0203668
4 12.00 0.00 16.00 0.00 44.00 0.00 40.00 0.00 0.00257832
4 16.00 0.00 20.00 0.00 44.00 0.00 40.00 0.00 0.00351965
4 24.00 0.00 28.00 0.00 36.00 0.00 32.00 0.00 0.0790077
4 20.00 0.00 24.00 0.00 40.00 0.00 36.00 0.00 0.00918582
4 8.00 0.00 16.00 0.00 56.00 0.00 48.00 0.00 0.00745895
4 24.00 0.00 28.00 0.00 40.00 0.00 36.00 0.00 0.0214802
4 4.00 0.00 12.00 0.00 60.00 0.00 52.00 0.00 0.00386333
4 0.00 0.00 8.00 0.00 64.00 0.00 56.00 0.00 0.00218572
4 8.00 0.00 20.00 0.00 56.00 0.00 44.00 0.00 0.0192111
4 20.00 0.00 24.00 0.00 44.00 0.00 40.00 0.00 0.00539942
4 16.00 0.00 20.00 0.00 48.00 0.00 44.00 0.00 0.00279947
4 12.00 0.00 20.00 0.00 52.00 0.00 44.00 0.00 0.0101072
4 28.00 0.00 32.00 0.00 40.00 0.00 36.00 0.00 0.106662
4 20.00 0.00 24.00 0.00 48.00 0.00 44.00 0.00 0.00364764
4 24.00 0.00 28.00 0.00 44.00 0.00 40.00 0.00 0.00921287
4 28.00 0.00 32.00 0.00 44.00 0.00 40.00 0.00 0.029126
4 24.00 0.00 28.00 0.00 48.00 0.00 44.00 0.00 0.00495636
4 0.00 0.00 12.00 0.00 72.00 0.00 60.00 0.00 0.00469227
4 20.00 0.00 24.00 0.00 52.00 0.00 48.00 0.00 0.00326293
4 12.00 0.00 20.00 0.00 60.00 0.00 52.00 0.00 0.005997
4 16.00 0.00 24.00 0.00 56.00 0.00 48.00 0.00 0.0105837
4 8.00 0.00 16.00 0.00 64.00 0.00 56.00 0.00 0.00350592
4 4.00 0.00 12.00 0.00 68.00 0.00 60.00 0.00 0.00252952
4 12.00 0.00 24.00 0.00 60.00 0.00 48.00 0.00 0.018092
4 32.00 0.00 36.00 0.00 44.00 0.00 40.00 0.00 0.109587
4 28.00 0.00 32.00 0.00 48.00 0.00 44.00 0.00 0.0119625
4 24.00 0.00 28.00 0.00 52.00 0.00 48.00 0.00 0.00385583
4 20.00 0.00 28.00 0.00 60.00 0.00 52.00 0.00 0.00809193
4 16.00 0.00 24.00 0.00 64.00 0.00 56.00 0.00 0.00476524
4 16.00 0.00 28.00 0.00 64.00 0.00 52.00 0.00 0.0148311
4 12.00 0.00 20.00 0.00 68.00 0.00 60.00 0.00 0.00365449
4 8.00 0.00 16.00 0.00 72.00 0.00 64.00 0.00 0.00257397
4 0.00 0.00 16.00 0.00 80.00 0.00 64.00 0.00 0.00759226
4 4.00 0.00 16.00 0.00 76.00 0.00 64.00 0.00 0.00487944
4 32.00 0.00 36.00 0.00 48.00 0.00 44.00 0.00 0.025709
4 24.00 0.00 28.00 0.00 56.00 0.00 52.00 0.00 0.00280161
4 28.00 0.00 32.00 0.00 52.00 0.00 48.00 0.00 0.0081013
4 32.00 0.00 36.00 0.00 52.00 0.00 48.00 0.00 0.0147217
4 28.00 0.00 32.00 0.00 56.00 0.00 52.00 0.00 0.00546159
4 36.00 0.00 40.00 0.00 48.00 0.00 44.00 0.00 0.0985767
4 0.00 0.00 12.00 0.00 84.00 0.00 72.00 0.00 0.00319352
4 16.00 0.00 24.00 0.00 72.00 0.00 64.00 0.00 0.00335207
4 12.00 0.00 20.00 0.00 76.00 0.00 68.00 0.00 0.00248356
4 20.00 0.00 32.00 0.00 68.00 0.00 56.00 0.00 0.0142573
4 4.00 0.00 20.00 0.00 84.00 0.00 68.00 0.00 0.00751889
4 32.00 0.00 36.00 0.00 56.00 0.00 52.00 0.00 0.00860709
4 28.00 0.00 32.00 0.00 60.00 0.00 56.00 0.00 0.00279164
4 36.00 0.00 40.00 0.00 52.00 0.00 48.00 0.00 0.0295473
4 24.00 0.00 32.00 0.00 64.00 0.00 56.00 0.00 0.00778781
4 8.00 0.00 20.00 0.00 80.00 0.00 68.00 0.00 0.00496457
4 20.00 0.00 28.00 0.00 68.00 0.00 60.00 0.00 0.00452663
4 40.00 0.00 44.00 0.00 52.00 0.00 48.00 0.00 0.102904
4 36.00 0.00 40.00 0.00 56.00 0.00 52.00 0.00 0.0149027
4 4.00 0.00 16.00 0.00 88.00 0.00 76.00 0.00 0.00307947
4 32.00 0.00 36.00 0.00 60.00 0.00 56.00 0.00 0.00392164
4 32.00 0.00 36.00 0.00 64.00 0.00 60.00 0.00 0.00297015
4 16.00 0.00 24.00 0.00 80.00 0.00 72.00 0.00 0.00257228
4 36.00 0.00 40.00 0.00 60.00 0.00 56.00 0.00 0.00639185
4 0.00 0.00 12.00 0.00 96.00 0.00 84.00 0.00 0.00184756
4 40.00 0.00 44.00 0.00 56.00 0.00 52.00 0.00 0.031416
4 24.00 0.00 32.00 0.00 72.00 0.00 64.00 0.00 0.00496322
4 28.00 0.00 36.00 0.00 68.00 0.00 60.00 0.00 0.00954824
4 20.00 0.00 28.00 0.00 76.00 0.00 68.00 0.00 0.00297954
4 12.00 0.00 24.00 0.00 84.00 0.00 72.00 0.00 0.00504538
4 0.00 0.00 16.00 0.00 96.00 0.00 80.00 0.00 0.00399184
4 24.00 0.00 36.00 0.00 72.00 0.00 60.00 0.00 0.0155519
4 8.00 0.00 24.00 0.00 88.00 0.00 72.00 0.00 0.00779242
4 44.00 0.00 48.00 0.00 56.00 0.00 52.00 0.00 0.0966766
4 8.00 0.00 20.00 0.00 92.00 0.00 80.00 0.00 0.00285752
4 40.00 0.00 44.00 0.00 60.00 0.00 56.00 0.00 0.0110383
4 36.00 0.00 40.00 0.00 64.00 0.00 60.00 0.00 0.00460641
4 24.00 0.00 32.00 0.00 80.00 0.00 72.00 0.00 0.00362357
4 20.00 0.00 28.00 0.00 84.00 0.00 76.00 0.00 0.00231546
4 40.00 0.00 44.00 0.00 64.00 0.00 60.00 0.00 0.00701509
4 4.00 0.00 16.00 0.00 100.00 0.00 88.00 0.00 0.00187753
4 16.00 0.00 28.00 0.00 88.00 0.00 76.00 0.00 0.00463078
4 28.00 0.00 36.00 0.00 76.00 0.00 68.00 0.00 0.00557401
4 36.00 0.00 40.00 0.00 68.00 0.00 64.00 0.00 0.0035251
4 4.00 0.00 20.00 0.00 100.00 0.00 84.00 0.00 0.00383466
4 28.00 0.00 40.00 0.00 76.00 0.00 64.00 0.00 0.0175135
4 44.00 0.00 48.00 0.00 60.00 0.00 56.00 0.00 0.0218392
4 12.00 0.00 28.00 0.00 92.00 0.00 76.00 0.00 0.00704068
4 32.00 0.00 40.00 0.00 72.00 0.00 64.00 0.00 0.0095744
4 44.00 0.00 48.00 0.00 64.00 0.00 60.00 0.00 0.0114599
4 12.00 0.00 24.00 0.00 96.00 0.00 84.00 0.00 0.00280318
4 40.00 0.00 44.00 0.00 68.00 0.00 64.00 0.00 0.00500266
4 48.00 0.00 52.00 0.00 60.00 0.00 56.00 0.00 0.0837795
4 32.00 0.00 40.00 0.00 80.00 0.00 72.00 0.00 0.0063982
4 36.00 0.00 44.00 0.00 76.00 0.00 68.00 0.00 0.0101733
4 8.00 0.00 24.00 0.00 104.00 0.00 88.00 0.00 0.00420197
4 0.00 0.00 16.00 0.00 112.00 0.00 96.00 0.00 0.00574025
4 48.00 0.00 52.00 0.00 64.00 0.00 60.00 0.00 0.0271438
4 24.00 0.00 32.00 0.00 88.00 0.00 80.00 0.00 0.00250139
4 44.00 0.00 48.00 0.00 68.00 0.00 64.00 0.00 0.00717791
4 32.00 0.00 44.00 0.00 80.00 0.00 68.00 0.00 0.0181639
4 20.00 0.00 32.00 0.00 92.00 0.00 80.00 0.00 0.00474111
4 28.00 0.00 36.00 0.00 84.00 0.00 76.00 0.00 0.00403011
4 8.00 0.00 20.00 0.00 104.00 0.00 92.00 0.00 0.00250342
4 40.00 0.00 44.00 0.00 72.00 0.00 68.00 0.00 0.00324873
4 16.00 0.00 32.00 0.00 96.00 0.00 80.00 0.00 0.00698581
4 16.00 0.00 28.00 0.00 100.00 0.00 88.00 0.00 0.00234631
4 48.00 0.00 52.00 0.00 68.00 0.00 64.00 0.00 0.014358
4 44.00 0.00 48.00 0.00 72.00 0.00 68.00 0.00 0.00418427
4 52.00 0.00 56.00 0.00 64.00 0.00 60.00 0.00 0.105434
4 24.00 0.00 36.00 0.00 96.00 0.00 84.00 0.00 0.00440085
4 44.00 0.00 48.00 0.00 76.00 0.00 72.00 0.00 0.00352333
4 40.00 0.00 48.00 0.00 80.00 0.00 72.00 0.00 0.0111603
4 52.00 0.00 56.00 0.00 68.00 0.00 64.00 0.00 0.0331871
4 12.00 0.00 24.00 0.00 108.00 0.00 96.00 0.00 0.00391488
4 32.00 0.00 40.00 0.00 88.00 0.00 80.00 0.00 0.00411098
4 20.00 0.00 36.00 0.00 100.00 0.00 84.00 0.00 0.00658751
4 36.00 0.00 44.00 0.00 84.00 0.00 76.00 0.00 0.00694378
4 36.00 0.00 48.00 0.00 84.00 0.00 72.00 0.00 0.0199406
4 12.00 0.00 28.00 0.00 108.00 0.00 92.00 0.00 0.00623376
4 48.00 0.00 52.00 0.00 72.00 0.00 68.00 0.00 0.00768024
4 28.00 0.00 36.00 0.00 92.00 0.00 84.00 0.00 0.00250486
4 4.00 0.00 20.00 0.00 116.00 0.00 100.00 0.00 0.0081682
4 48.00 0.00 52.00 0.00 76.00 0.00 72.00 0.00 0.0061461
4 56.00 0.00 60.00 0.00 68.00 0.00 64.00 0.00 0.109423
4 20.00 0.00 32.00 0.00 104.00 0.00 92.00 0.00 0.0027846
4 52.00 0.00 56.00 0.00 72.00 0.00 68.00 0.00 0.0138252
4 8.00 0.00 24.00 0.00 120.00 0.00 104.00 0.00 0.00866584
4 48.00 0.00 52.00 0.00 80.00 0.00 76.00 0.00 0.00463119
4 52.00 0.00 56.00 0.00 76.00 0.00 72.00 0.00 0.00958367
4 16.00 0.00 28.00 0.00 112.00 0.00 100.00 0.00 0.00477765
4 0.00 0.00 16.00 0.00 128.00 0.00 112.00 0.00 0.00407773
4 16.00 0.00 32.00 0.00 112.00 0.00 96.00 0.00 0.0082485
4 32.00 0.00 40.00 0.00 96.00 0.00 88.00 0.00 0.00241003
4 40.00 0.00 52.00 0.00 88.00 0.00 76.00 0.00 0.0217896
4 24.00 0.00 40.00 0.00 104.00 0.00 88.00 0.00 0.00759239
4 44.00 0.00 52.00 0.00 84.00 0.00 76.00 0.00 0.0125429
4 56.00 0.00 60.00 0.00 72.00 0.00 68.00 0.00 0.0311871
4 40.00 0.00 48.00 0.00 88.00 0.00 80.00 0.00 0.0067516
4 28.00 0.00 40.00 0.00 100.00 0.00 88.00 0.00 0.00458875
4 36.00 0.00 44.00 0.00 92.00 0.00 84.00 0.00 0.00424808
4 52.00 0.00 56.00 0.00 80.00 0.00 76.00 0.00 0.0063377
4 56.00 0.00 60.00 0.00 76.00 0.00 72.00 0.00 0.0179102
4 24.00 0.00 36.00 0.00 108.00 0.00 96.00 0.00 0.00563724
4 60.00 0.00 64.00 0.00 72.00 0.00 68.00 0.00 0.103203
4 56.00 0.00 60.00 0.00 80.00 0.00 76.00 0.00 0.0104727
4 60.00 0.00 64.00 0.00 76.00 0.00 72.00 0.00 0.0376785
4 20.00 0.00 36.00 0.00 116.00 0.00 100.00 0.00 0.0125446
4 32.00 0.00 44.00 0.00 104.00 0.00 92.00 0.00 0.00564019
4 44.00 0.00 52.00 0.00 92.00 0.00 84.00 0.00 0.00715035
4 44.00 0.00 56.00 0.00 92.00 0.00 80.00 0.00 0.022899
4 40.00 0.00 48.00 0.00 96.00 0.00 88.00 0.00 0.00387791
4 36.00 0.00 44.00 0.00 100.00 0.00 92.00 0.00 0.00276093
4 12.00 0.00 28.00 0.00 124.00 0.00 108.00 0.00 0.00666411
4 48.00 0.00 56.00 0.00 88.00 0.00 80.00 0.00 0.0140058
4 20.00 0.00 32.00 0.00 116.00 0.00 104.00 0.00 0.00702627
4 4.00 0.00 20.00 0.00 132.00 0.00 116.00 0.00 0.00223731
4 28.00 0.00 44.00 0.00 108.00 0.00 92.00 0.00 0.0132481
4 52.00 0.00 56.00 0.00 84.00 0.00 80.00 0.00 0.00464126
4 28.00 0.00 40.00 0.00 112.00 0.00 100.00 0.00 0.00881534
4 64.00 0.00 68.00 0.00 76.00 0.00 72.00 0.00 0.14157
4 60.00 0.00 64.00 0.00 80.00 0.00 76.00 0.00 0.0176292
4 56.00 0.00 60.00 0.00 84.00 0.00 80.00 0.00 0.00716591
4 8.00 0.00 24.00 0.00 136.00 0.00 120.00 0.00 0.00167215
4 32.00 0.00 48.00 0.00 112.00 0.00 96.00 0.00 0.0177095
4 40.00 0.00 48.00 0.00 104.00 0.00 96.00 0.00 0.00336565
4 48.00 0.00 56.00 0.00 96.00 0.00 88.00 0.00 0.00738684
4 56.00 0.00 60.00 0.00 88.00 0.00 84.00 0.00 0.00501156
4 16.00 0.00 32.00 0.00 128.00 0.00 112.00 0.00 0.0057478
4 24.00 0.00 40.00 0.00 120.00 0.00 104.00 0.00 0.0144343
4 36.00 0.00 48.00 0.00 108.00 0.00 96.00 0.00 0.0107628
4 48.00 0.00 60.00 0.00 96.00 0.00 84.00 0.00 0.0234606
4 64.00 0.00 68.00 0.00 80.00 0.00 76.00 0.00 0.0418471
4 44.00 0.00 52.00 0.00 100.00 0.00 92.00 0.00 0.00434795
4 24.00 0.00 36.00 0.00 120.00 0.00 108.00 0.00 0.00619879
4 52.00 0.00 60.00 0.00 92.00 0.00 84.00 0.00 0.0138786
4 60.00 0.00 64.00 0.00 84.00 0.00 80.00 0.00 0.0107791
4 32.00 0.00 44.00 0.00 116.00 0.00 104.00 0.00 0.0129527
4 60.00 0.00 64.00 0.00 88.00 0.00 84.00 0.00 0.00702758
4 68.00 0.00 72.00 0.00 80.00 0.00 76.00 0.00 0.116683
4 64.00 0.00 68.00 0.00 84.00 0.00 80.00 0.00 0.0203617
4 20.00 0.00 36.00 0.00 132.00 0.00 116.00 0.00 0.00333551
4 40.00 0.00 52.00 0.00 112.00 0.00 100.00 0.00 0.0165424
4 48.00 0.00 56.00 0.00 104.00 0.00 96.00 0.00 0.00616905
4 64.00 0.00 68.00 0.00 88.00 0.00 84.00 0.00 0.0117963
4 56.00 0.00 64.00 0.00 96.00 0.00 88.00 0.00 0.0123227
4 44.00 0.00 52.00 0.00 108.00 0.00 100.00 0.00 0.00856305
4 36.00 0.00 52.00 0.00 116.00 0.00 100.00 0.00 0.0284227
4 52.00 0.00 60.00 0.00 100.00 0.00 92.00 0.00 0.00670291
4 60.00 0.00 64.00 0.00 92.00 0.00 88.00 0.00 0.00428151
4 28.00 0.00 40.00 0.00 124.00 0.00 112.00 0.00 0.00627507
4 28.00 0.00 44.00 0.00 124.00 0.00 108.00 0.00 0.0132588
4 12.00 0.00 28.00 0.00 140.00 0.00 124.00 0.00 0.00106995
4 52.00 0.00 64.00 0.00 100.00 0.00 88.00 0.00 0.0214701
4 68.00 0.00 72.00 0.00 84.00 0.00 80.00 0.00 0.0373372
4 68.00 0.00 72.00 0.00 88.00 0.00 84.00 0.00 0.0177457
4 36.00 0.00 48.00 0.00 120.00 0.00 108.00 0.00 0.0111776
4 64.00 0.00 68.00 0.00 92.00 0.00 88.00 0.00 0.00672277
4 72.00 0.00 76.00 0.00 84.00 0.00 80.00 0.00 0.146177
4 56.00 0.00 64.00 0.00 104.00 0.00 96.00 0.00 0.00900616
4 64.00 0.00 68.00 0.00 96.00 0.00 92.00 0.00 0.00435966
4 72.00 0.00 76.00 0.00 88.00 0.00 84.00 0.00 0.0449043
4 32.00 0.00 48.00 0.00 128.00 0.00 112.00 0.00 0.0113804
4 56.00 0.00 68.00 0.00 104.00 0.00 92.00 0.00 0.0254268
4 16.00 0.00 32.00 0.00 144.00 0.00 128.00 0.00 0.0010547
4 44.00 0.00 56.00 0.00 116.00 0.00 104.00 0.00 0.0248226
4 52.00 0.00 60.00 0.00 108.00 0.00 100.00 0.00 0.0131588
4 24.00 0.00 40.00 0.00 136.00 0.00 120.00 0.00 0.00240824
4 40.00 0.00 56.00 0.00 120.00 0.00 104.00 0.00 0.033535
4 60.00 0.00 68.00 0.00 100.00 0.00 92.00 0.00 0.0126211
4 68.00 0.00 72.00 0.00 92.00 0.00 88.00 0.00 0.0090258
4 48.00 0.00 56.00 0.00 112.00 0.00 104.00 0.00 0.0125038
4 32.00 0.00 44.00 0.00 128.00 0.00 116.00 0.00 0.00335578
4 76.00 0.00 80.00 0.00 88.00 0.00 84.00 0.00 0.165881
4 72.00 0.00 76.00 0.00 92.00 0.00 88.00 0.00 0.0187241
4 40.00 0.00 52.00 0.00 124.00 0.00 112.00 0.00 0.0112063
4 68.00 0.00 72.00 0.00 96.00 0.00 92.00 0.00 0.00554402
4 20.00 0.00 36.00 0.00 148.00 0.00 132.00 0.00 0.00124674
4 28.00 0.00 44.00 0.00 140.00 0.00 124.00 0.00 0.00180365
4 44.00 0.00 60.00 0.00 124.00 0.00 108.00 0.00 0.0288135
4 52.00 0.00 60.00 0.00 116.00 0.00 108.00 0.00 0.0126257
4 48.00 0.00 60.00 0.00 120.00 0.00 108.00 0.00 0.0214833
4 60.00 0.00 68.00 0.00 108.00 0.00 100.00 0.00 0.0208034
4 68.00 0.00 72.00 0.00 100.00 0.00 96.00 0.00 0.00391685
4 36.00 0.00 52.00 0.00 132.00 0.00 116.00 0.00 0.0068793
4 60.00 0.00 72.00 0.00 108.00 0.00 96.00 0.00 0.0435835
4 56.00 0.00 64.00 0.00 112.00 0.00 104.00 0.00 0.0170441
4 36.00 0.00 48.00 0.00 132.00 0.00 120.00 0.00 0.00244285
4 64.00 0.00 72.00 0.00 104.00 0.00 96.00 0.00 0.0156146
4 72.00 0.00 76.00 0.00 96.00 0.00 92.00 0.00 0.0104873
4 76.00 0.00 80.00 0.00 92.00 0.00 88.00 0.00 0.0425883
4 44.00 0.00 56.00 0.00 128.00 0.00 116.00 0.00 0.00605149
4 72.00 0.00 76.00 0.00 100.00 0.00 96.00 0.00 0.00691854
4 76.00 0.00 80.00 0.00 96.00 0.00 92.00 0.00 0.0196481
4 80.00 0.00 84.00 0.00 92.00 0.00 88.00 0.00 0.154528
4 56.00 0.00 64.00 0.00 120.00 0.00 112.00 0.00 0.0112523
4 60.00 0.00 68.00 0.00 116.00 0.00 108.00 0.00 0.0183777
4 80.00 0.00 84.00 0.00 96.00 0.00 92.00 0.00 0.0463974
4 24.00 0.00 40.00 0.00 152.00 0.00 136.00 0.00 0.00112823
4 32.00 0.00 48.00 0.00 144.00 0.00 128.00 0.00 0.00170352
4 48.00 0.00 64.00 0.00 128.00 0.00 112.00 0.00 0.0251753
4 68.00 0.00 76.00 0.00 108.00 0.00 100.00 0.00 0.0347657
4 40.00 0.00 52.00 0.00 136.00 0.00 124.00 0.00 0.00180025
4 72.00 0.00 76.00 0.00 104.00 0.00 100.00 0.00 0.00741878
4 76.00 0.00 80.00 0.00 100.00 0.00 96.00 0.00 0.0115961
4 52.00 0.00 64.00 0.00 124.00 0.00 112.00 0.00 0.0188294
4 64.00 0.00 72.00 0.00 112.00 0.00 104.00 0.00 0.0262225
4 40.00 0.00 56.00 0.00 136.00 0.00 120.00 0.00 0.00524389
4 64.00 0.00 76.00 0.00 112.00 0.00 100.00 0.00 0.0631406
4 48.00 0.00 60.00 0.00 132.00 0.00 120.00 0.00 0.00455944
4 84.00 0.00 88.00 0.00 96.00 0.00 92.00 0.00 0.164568
4 76.00 0.00 80.00 0.00 104.00 0.00 100.00 0.00 0.0112335
4 80.00 0.00 84.00 0.00 100.00 0.00 96.00 0.00 0.021985
4 56.00 0.00 68.00 0.00 128.00 0.00 116.00 0.00 0.00932187
4 64.00 0.00 72.00 0.00 120.00 0.00 112.00 0.00 0.015905
4 68.00 0.00 76.00 0.00 116.00 0.00 108.00 0.00 0.0269116
4 44.00 0.00 60.00 0.00 140.00 0.00 124.00 0.00 0.00340099
4 72.00 0.00 80.00 0.00 112.00 0.00 104.00 0.00 0.0502868
4 84.00 0.00 88.00 0.00 100.00 0.00 96.00 0.00 0.0512417
4 76.00 0.00 80.00 0.00 108.00 0.00 104.00 0.00 0.0197769
4 28.00 0.00 44.00 0.00 156.00 0.00 140.00 0.00 0.00135543
4 60.00 0.00 68.00 0.00 124.00 0.00 116.00 0.00 0.00592487
4 36.00 0.00 52.00 0.00 148.00 0.00 132.00 0.00 0.00223428
4 68.00 0.00 80.00 0.00 116.00 0.00 104.00 0.00 0.0901874
4 52.00 0.00 68.00 0.00 132.00 0.00 116.00 0.00 0.0127433
4 44.00 0.00 56.00 0.00 140.00 0.00 128.00 0.00 0.00161167
4 80.00 0.00 84.00 0.00 104.00 0.00 100.00 0.00 0.0176921
4 80.00 0.00 84.00 0.00 108.00 0.00 104.00 0.00 0.0285005
4 52.00 0.00 64.00 0.00 136.00 0.00 124.00 0.00 0.00238309
4 88.00 0.00 92.00 0.00 100.00 0.00 96.00 0.00 0.184736
4 84.00 0.00 88.00 0.00 104.00 0.00 100.00 0.00 0.0311103
4 84.00 0.00 88.00 0.00 108.00 0.00 104.00 0.00 0.0432927
4 60.00 0.00 72.00 0.00 132.00 0.00 120.00 0.00 0.00603459
4 32.00 0.00 48.00 0.00 160.00 0.00 144.00 0.00 0.00125356
4 68.00 0.00 76.00 0.00 124.00 0.00 116.00 0.00 0.00808602
4 40.00 0.00 56.00 0.00 152.00 0.00 136.00 0.00 0.00225775
4 48.00 0.00 60.00 0.00 144.00 0.00 132.00 0.00 0.00171185
4 72.00 0.00 80.00 0.00 120.00 0.00 112.00 0.00 0.0264519
4 48.00 0.00 64.00 0.00 144.00 0.00 128.00 0.00 0.00332744
4 64.00 0.00 72.00 0.00 128.00 0.00 120.00 0.00 0.00366594
4 76.00 0.00 84.00 0.00 116.00 0.00 108.00 0.00 0.0472618
4 80.00 0.00 84.00 0.00 112.00 0.00 108.00 0.00 0.0125912
4 72.00 0.00 84.00 0.00 120.00 0.00 108.00 0.00 0.0739031
4 56.00 0.00 72.00 0.00 136.00 0.00 120.00 0.00 0.00847412
4 88.00 0.00 92.00 0.00 104.00 0.00 100.00 0.00 0.0616473
4 88.00 0.00 92.00 0.00 108.00 0.00 104.00 0.00 0.0642896
4 84.00 0.00 88.00 0.00 112.00 0.00 108.00 0.00 0.0171482
4 92.00 0.00 96.00 0.00 104.00 0.00 100.00 0.00 0.241708
4 56.00 0.00 68.00 0.00 140.00 0.00 128.00 0.00 0.00204185
4 80.00 0.00 88.00 0.00 120.00 0.00 112.00 0.00 0.0408482
4 92.00 0.00 96.00 0.00 108.00 0.00 104.00 0.00 0.13963
4 64.00 0.00 76.00 0.00 136.00 0.00 124.00 0.00 0.00333695
4 44.00 0.00 60.00 0.00 156.00 0.00 140.00 0.00 0.00226329
4 52.00 0.00 64.00 0.00 148.00 0.00 136.00 0.00 0.0015621
4 88.00 0.00 92.00 0.00 112.00 0.00 108.00 0.00 0.0219262
4 76.00 0.00 84.00 0.00 124.00 0.00 116.00 0.00 0.012879
4 68.00 0.00 76.00 0.00 132.00 0.00 124.00 0.00 0.00177069
4 72.00 0.00 80.00 0.00 128.00 0.00 120.00 0.00 0.0055245
4 36.00 0.00 52.00 0.00 164.00 0.00 148.00 0.00 0.00151123
4 84.00 0.00 88.00 0.00 116.00 0.00 112.00 0.00 0.0173482
4 52.00 0.00 68.00 0.00 148.00 0.00 132.00 0.00 0.00304818
4 76.00 0.00 88.00 0.00 124.00 0.00 112.00 0.00 0.0638778
4 60.00 0.00 76.00 0.00 140.00 0.00 124.00 0.00 0.0050433
4 60.00 0.00 72.00 0.00 144.00 0.00 132.00 0.00 0.00189301
4 96.00 0.00 100.00 0.00 108.00 0.00 104.00 0.00 0.296768
4 92.00 0.00 96.00 0.00 112.00 0.00 108.00 0.00 0.0395286
4 88.00 0.00 92.00 0.00 116.00 0.00 112.00 0.00 0.0197431
4 80.00 0.00 92.00 0.00 128.00 0.00 116.00 0.00 0.0270532
4 56.00 0.00 72.00 0.00 152.00 0.00 136.00 0.00 0.00279615
4 68.00 0.00 80.00 0.00 140.00 0.00 128.00 0.00 0.00281942
4 76.00 0.00 84.00 0.00 132.00 0.00 124.00 0.00 0.00247873
4 40.00 0.00 56.00 0.00 168.00 0.00 152.00 0.00 0.00140936
4 84.00 0.00 92.00 0.00 124.00 0.00 116.00 0.00 0.0175103
4 96.00 0.00 100.00 0.00 112.00 0.00 108.00 0.00 0.0612131
4 80.00 0.00 88.00 0.00 128.00 0.00 120.00 0.00 0.00759478
4 72.00 0.00 80.00 0.00 136.00 0.00 128.00 0.00 0.00153985
4 48.00 0.00 64.00 0.00 160.00 0.00 144.00 0.00 0.00226049
4 64.00 0.00 80.00 0.00 144.00 0.00 128.00 0.00 0.00455765
4 88.00 0.00 92.00 0.00 120.00 0.00 116.00 0.00 0.00579689
4 92.00 0.00 96.00 0.00 116.00 0.00 112.00 0.00 0.0309972
4 56.00 0.00 68.00 0.00 152.00 0.00 140.00 0.00 0.00151535
4 100.00 0.00 104.00 0.00 112.00 0.00 108.00 0.00 0.373246
4 64.00 0.00 76.00 0.00 148.00 0.00 136.00 0.00 0.00199938
4 92.00 0.00 96.00 0.00 120.00 0.00 116.00 0.00 0.00888911
4 96.00 0.00 100.00 0.00 116.00 0.00 112.00 0.00 0.0383129
4 80.00 0.00 88.00 0.00 136.00 0.00 128.00 0.00 0.00184253
4 68.00 0.00 84.00 0.00 148.00 0.00 132.00 0.00 0.00437013
4 60.00 0.00 72.00 0.00 156.00 0.00 144.00 0.00 0.00143365
4 88.00 0.00 96.00 0.00 128.00 0.00 120.00 0.00 0.0106061
4 72.00 0.00 84.00 0.00 144.00 0.00 132.00 0.00 0.00273742
4 60.00 0.00 76.00 0.00 156.00 0.00 140.00 0.00 0.00288979
4 92.00 0.00 96.00 0.00 124.00 0.00 120.00 0.00 0.00504126
4 44.00 0.00 60.00 0.00 172.00 0.00 156.00 0.00 0.00125371
4 52.00 0.00 68.00 0.00 164.00 0.00 148.00 0.00 0.00175641
4 96.00 0.00 100.00 0.00 120.00 0.00 116.00 0.00 0.0106164
4 100.00 0.00 104.00 0.00 116.00 0.00 112.00 0.00 0.118082
4 84.00 0.00 92.00 0.00 132.00 0.00 124.00 0.00 0.00287496
4 76.00 0.00 84.00 0.00 140.00 0.00 132.00 0.00 0.00132846
4 84.00 0.00 96.00 0.00 132.00 0.00 120.00 0.00 0.0165384
4 68.00 0.00 80.00 0.00 152.00 0.00 140.00 0.00 0.00195102
4 100.00 0.00 104.00 0.00 120.00 0.00 116.00 0.00 0.0305107
4 96.00 0.00 100.00 0.00 124.00 0.00 120.00 0.00 0.00563212
4 104.00 0.00 108.00 0.00 116.00 0.00 112.00 0.00 0.730896
4 88.00 0.00 96.00 0.00 136.00 0.00 128.00 0.00 0.00222328
4 96.00 0.00 100.00 0.00 128.00 0.00 124.00 0.00 0.00138375
4 56.00 0.00 72.00 0.00 168.00 0.00 152.00 0.00 0.00160622
4 88.00 0.00 100.00 0.00 136.00 0.00 124.00 0.00 0.00715721
4 72.00 0.00 88.00 0.00 152.00 0.00 136.00 0.00 0.00419108
4 48.00 0.00 64.00 0.00 176.00 0.00 160.00 0.00 0.00126185
4 104.00 0.00 108.00 0.00 120.00 0.00 116.00 0.00 0.152732
4 84.00 0.00 92.00 0.00 140.00 0.00 132.00 0.00 0.00141294
4 92.00 0.00 100.00 0.00 132.00 0.00 124.00 0.00 0.0042358
4 100.00 0.00 104.00 0.00 124.00 0.00 120.00 0.00 0.0144269
4 64.00 0.00 80.00 0.00 160.00 0.00 144.00 0.00 0.00272215
4 76.00 0.00 88.00 0.00 148.00 0.00 136.00 0.00 0.00269592
4 64.00 0.00 76.00 0.00 160.00 0.00 148.00 0.00 0.00126592
4 80.00 0.00 88.00 0.00 144.00 0.00 136.00 0.00 0.00124223
4 100.00 0.00 104.00 0.00 128.00 0.00 124.00 0.00 0.00330337
4 108.00 0.00 112.00 0.00 120.00 0.00 116.00 0.00 0.464053
4 72.00 0.00 84.00 0.00 156.00 0.00 144.00 0.00 0.0019328
4 104.00 0.00 108.00 0.00 124.00 0.00 120.00 0.00 0.0599124
4 68.00 0.00 84.00 0.00 164.00 0.00 148.00 0.00 0.00227136
4 96.00 0.00 104.00 0.00 136.00 0.00 128.00 0.00 0.00421816
4 84.00 0.00 92.00 0.00 148.00 0.00 140.00 0.00 0.00117244
4 92.00 0.00 100.00 0.00 140.00 0.00 132.00 0.00 0.00191534
4 100.00 0.00 104.00 0.00 132.00 0.00 128.00 0.00 0.00174779
4 60.00 0.00 76.00 0.00 172.00 0.00 156.00 0.00 0.00144577
4 92.00 0.00 104.00 0.00 140.00 0.00 128.00 0.00 0.00723997
4 108.00 0.00 112.00 0.00 124.00 0.00 120.00 0.00 0.112031
4 76.00 0.00 92.00 0.00 156.00 0.00 140.00 0.00 0.00380216
4 68.00 0.00 80.00 0.00 164.00 0.00 152.00 0.00 0.00114477
4 80.00 0.00 92.00 0.00 152.00 0.00 140.00 0.00 0.00228975
4 88.00 0.00 96.00 0.00 144.00 0.00 136.00 0.00 0.0013915
4 104.00 0.00 108.00 0.00 128.00 0.00 124.00 0.00 0.0123351
4 52.00 0.00 68.00 0.00 180.00 0.00 164.00 0.00 0.00106847
4 76.00 0.00 88.00 0.00 160.00 0.00 148.00 0.00 0.00158259
4 104.00 0.00 108.00 0.00 132.00 0.00 128.00 0.00 0.00601506
4 112.00 0.00 116.00 0.00 124.00 0.00 120.00 0.00 0.715634
4 108.00 0.00 112.00 0.00 128.00 0.00 124.00 0.00 0.0182375
4 72.00 0.00 84.00 0.00 168.00 0.00 156.00 0.00 0.00104924
4 56.00 0.00 72.00 0.00 184.00 0.00 168.00 0.00 0.000923004
4 84.00 0.00 96.00 0.00 156.00 0.00 144.00 0.00 0.00214849
4 92.00 0.00 100.00 0.00 148.00 0.00 140.00 0.00 0.00150575
4 80.00 0.00 96.00 0.00 160.00 0.00 144.00 0.00 0.00340155
4 72.00 0.00 88.00 0.00 168.00 0.00 152.00 0.00 0.00218122
4 100.00 0.00 108.00 0.00 140.00 0.00 132.00 0.00 0.00874399
4 108.00 0.00 112.00 0.00 132.00 0.00 128.00 0.00 0.00764557
4 88.00 0.00 96.00 0.00 152.00 0.00 144.00 0.00 0.00105442
4 96.00 0.00 104.00 0.00 144.00 0.00 136.00 0.00 0.00247179
4 104.00 0.00 108.00 0.00 136.00 0.00 132.00 0.00 0.00386913
4 64.00 0.00 80.00 0.00 176.00 0.00 160.00 0.00 0.00135148
4 96.00 0.00 108.00 0.00 144.00 0.00 132.00 0.00 0.0134042
4 112.00 0.00 116.00 0.00 128.00 0.00 124.00 0.00 0.0731729
4 116.00 0.00 120.00 0.00 128.00 0.00 124.00 0.00 0.194989
4 112.00 0.00 116.00 0.00 132.00 0.00 128.00 0.00 0.0239626
4 80.00 0.00 92.00 0.00 164.00 0.00 152.00 0.00 0.00127749
4 108.00 0.00 112.00 0.00 136.00 0.00 132.00 0.00 0.00452994
4 68.00 0.00 84.00 0.00 180.00 0.00 164.00 0.00 0.00129036
4 76.00 0.00 88.00 0.00 172.00 0.00 160.00 0.00 0.000946718
4 100.00 0.00 112.00 0.00 148.00 0.00 136.00 0.00 0.0177215
4 60.00 0.00 76.00 0.00 188.00 0.00 172.00 0.00 0.000863138
4 96.00 0.00 104.00 0.00 152.00 0.00 144.00 0.00 0.00172501
4 104.00 0.00 112.00 0.00 144.00 0.00 136.00 0.00 0.0111948
4 112.00 0.00 116.00 0.00 136.00 0.00 132.00 0.00 0.0124821
4 116.00 0.00 120.00 0.00 132.00 0.00 128.00 0.00 0.0343361
4 84.00 0.00 100.00 0.00 164.00 0.00 148.00 0.00 0.00268315
4 76.00 0.00 92.00 0.00 172.00 0.00 156.00 0.00 0.0017329
4 92.00 0.00 100.00 0.00 156.00 0.00 148.00 0.00 0.000915344
4 88.00 0.00 100.00 0.00 160.00 0.00 148.00 0.00 0.00171096
4 100.00 0.00 108.00 0.00 148.00 0.00 140.00 0.00 0.00609577
4 108.00 0.00 112.00 0.00 140.00 0.00 136.00 0.00 0.00314135
4 116.00 0.00 120.00 0.00 136.00 0.00 132.00 0.00 0.0139006
4 120.00 0.00 124.00 0.00 132.00 0.00 128.00 0.00 0.217707
4 84.00 0.00 96.00 0.00 168.00 0.00 156.00 0.00 0.00111195
4 112.00 0.00 116.00 0.00 140.00 0.00 136.00 0.00 0.00802489
4 80.00 0.00 92.00 0.00 176.00 0.00 164.00 0.00 0.000804075
4 64.00 0.00 80.00 0.00 192.00 0.00 176.00 0.00 0.000825015
4 112.00 0.00 116.00 0.00 144.00 0.00 140.00 0.00 0.00647287
4 116.00 0.00 120.00 0.00 140.00 0.00 136.00 0.00 0.00759798
4 92.00 0.00 104.00 0.00 164.00 0.00 152.00 0.00 0.00201437
4 104.00 0.00 112.00 0.00 152.00 0.00 144.00 0.00 0.00694462
4 80.00 0.00 96.00 0.00 176.00 0.00 160.00 0.00 0.00155281
4 72.00 0.00 88.00 0.00 184.00 0.00 168.00 0.00 0.00117012
4 104.00 0.00 116.00 0.00 152.00 0.00 140.00 0.00 0.0262875
4 96.00 0.00 104.00 0.00 160.00 0.00 152.00 0.00 0.00112925
4 100.00 0.00 108.00 0.00 156.00 0.00 148.00 0.00 0.00358301
4 120.00 0.00 124.00 0.00 136.00 0.00 132.00 0.00 0.051519
4 88.00 0.00 104.00 0.00 168.00 0.00 152.00 0.00 0.00298463
4 108.00 0.00 116.00 0.00 148.00 0.00 140.00 0.00 0.0158402
4 88.00 0.00 100.00 0.00 172.00 0.00 160.00 0.00 0.000998822
4 124.00 0.00 128.00 0.00 136.00 0.00 132.00 0.00 0.162051
4 116.00 0.00 120.00 0.00 144.00 0.00 140.00 0.00 0.00540599
4 120.00 0.00 124.00 0.00 140.00 0.00 136.00 0.00 0.0228274
4 100.00 0.00 108.00 0.00 164.00 0.00 156.00 0.00 0.00207905
4 108.00 0.00 120.00 0.00 156.00 0.00 144.00 0.00 0.0226278
4 92.00 0.00 108.00 0.00 172.00 0.00 156.00 0.00 0.00473067
4 84.00 0.00 96.00 0.00 180.00 0.00 168.00 0.00 0.000706198
4 120.00 0.00 124.00 0.00 144.00 0.00 140.00 0.00 0.0140033
4 96.00 0.00 108.00 0.00 168.00 0.00 156.00 0.00 0.00339015
4 104.00 0.00 112.00 0.00 160.00 0.00 152.00 0.00 0.00429169
4 68.00 0.00 84.00 0.00 196.00 0.00 180.00 0.00 0.000745759
4 108.00 0.00 116.00 0.00 156.00 0.00 148.00 0.00 0.00832471
4 84.00 0.00 100.00 0.00 180.00 0.00 164.00 0.00 0.00142343
4 76.00 0.00 92.00 0.00 188.00 0.00 172.00 0.00 0.000964808
4 112.00 0.00 120.00 0.00 152.00 0.00 144.00 0.00 0.0134761
4 124.00 0.00 128.00 0.00 140.00 0.00 136.00 0.00 0.0422437
4 116.00 0.00 120.00 0.00 148.00 0.00 144.00 0.00 0.00369136
4 124.00 0.00 128.00 0.00 144.00 0.00 140.00 0.00 0.0195708
4 120.00 0.00 124.00 0.00 148.00 0.00 144.00 0.00 0.00779223
4 92.00 0.00 104.00 0.00 176.00 0.00 164.00 0.00 0.00120687
4 128.00 0.00 132.00 0.00 140.00 0.00 136.00 0.00 0.179568
4 120.00 0.00 124.00 0.00 152.00 0.00 148.00 0.00 0.00460357
4 112.00 0.00 124.00 0.00 160.00 0.00 148.00 0.00 0.0228088
4 96.00 0.00 112.00 0.00 176.00 0.00 160.00 0.00 0.00551244
4 72.00 0.00 88.00 0.00 200.00 0.00 184.00 0.00 0.000713356
4 128.00 0.00 132.00 0.00 144.00 0.00 140.00 0.00 0.0523609
4 100.00 0.00 112.00 0.00 172.00 0.00 160.00 0.00 0.00416803
4 124.00 0.00 128.00 0.00 148.00 0.00 144.00 0.00 0.00898631
4 108.00 0.00 116.00 0.00 164.00 0.00 156.00 0.00 0.00446715
4 80.00 0.00 96.00 0.00 192.00 0.00 176.00 0.00 0.000894082
4 88.00 0.00 100.00 0.00 184.00 0.00 172.00 0.00 0.000634519
4 112.00 0.00 120.00 0.00 160.00 0.00 152.00 0.00 0.00740083
4 88.00 0.00 104.00 0.00 184.00 0.00 168.00 0.00 0.00147989
4 104.00 0.00 112.00 0.00 168.00 0.00 160.00 0.00 0.00254877
4 116.00 0.00 124.00 0.00 156.00 0.00 148.00 0.00 0.0120208
4 124.00 0.00 128.00 0.00 152.00 0.00 148.00 0.00 0.00460828
4 132.00 0.00 136.00 0.00 144.00 0.00 140.00 0.00 0.202181
4 96.00 0.00 108.00 0.00 180.00 0.00 168.00 0.00 0.00200817
4 128.00 0.00 132.00 0.00 148.00 0.00 144.00 0.00 0.0165357
4 84.00 0.00 100.00 0.00 196.00 0.00 180.00 0.00 0.000790486
4 92.00 0.00 104.00 0.00 188.00 0.00 176.00 0.00 0.000737047
4 128.00 0.00 132.00 0.00 152.00 0.00 148.00 0.00 0.00753427
4 116.00 0.00 124.00 0.00 164.00 0.00 156.00 0.00 0.00563039
4 108.00 0.00 116.00 0.00 172.00 0.00 164.00 0.00 0.00328495
4 112.00 0.00 120.00 0.00 168.00 0.00 160.00 0.00 0.00409626
4 124.00 0.00 128.00 0.00 156.00 0.00 152.00 0.00 0.00327057
4 92.00 0.00 108.00 0.00 188.00 0.00 172.00 0.00 0.0024111
4 116.00 0.00 128.00 0.00 164.00 0.00 152.00 0.00 0.0173633
4 100.00 0.00 116.00 0.00 180.00 0.00 164.00 0.00 0.0079903
4 120.00 0.00 128.00 0.00 160.00 0.00 152.00 0.00 0.0108806
4 132.00 0.00 136.00 0.00 148.00 0.00 144.00 0.00 0.0356
4 76.00 0.00 92.00 0.00 204.00 0.00 188.00 0.00 0.000589734
4 104.00 0.00 116.00 0.00 176.00 0.00 164.00 0.00 0.00595839
4 132.00 0.00 136.00 0.00 152.00 0.00 148.00 0.00 0.0129009
4 128.00 0.00 132.00 0.00 156.00 0.00 152.00 0.00 0.00472559
4 100.00 0.00 112.00 0.00 184.00 0.00 172.00 0.00 0.00246586
4 136.00 0.00 140.00 0.00 148.00 0.00 144.00 0.00 0.121162
4 88.00 0.00 104.00 0.00 200.00 0.00 184.00 0.00 0.000851473
4 104.00 0.00 120.00 0.00 184.00 0.00 168.00 0.00 0.00765196
4 128.00 0.00 132.00 0.00 160.00 0.00 156.00 0.00 0.00267971
4 132.00 0.00 136.00 0.00 156.00 0.00 152.00 0.00 0.00718713
4 96.00 0.00 108.00 0.00 192.00 0.00 180.00 0.00 0.00126506
4 120.00 0.00 132.00 0.00 168.00 0.00 156.00 0.00 0.015094
4 96.00 0.00 112.00 0.00 192.00 0.00 176.00 0.00 0.0028824
4 108.00 0.00 120.00 0.00 180.00 0.00 168.00 0.00 0.00489852
4 116.00 0.00 124.00 0.00 172.00 0.00 164.00 0.00 0.00376108
4 80.00 0.00 96.00 0.00 208.00 0.00 192.00 0.00 0.000533315
4 124.00 0.00 132.00 0.00 164.00 0.00 156.00 0.00 0.00746004
4 136.00 0.00 140.00 0.00 152.00 0.00 148.00 0.00 0.0291097
4 120.00 0.00 128.00 0.00 168.00 0.00 160.00 0.00 0.00520652
4 112.00 0.00 120.00 0.00 176.00 0.00 168.00 0.00 0.0026865
4 104.00 0.00 116.00 0.00 188.00 0.00 176.00 0.00 0.00338506
4 132.00 0.00 136.00 0.00 160.00 0.00 156.00 0.00 0.00373943
4 136.00 0.00 140.00 0.00 156.00 0.00 152.00 0.00 0.012946
4 140.00 0.00 144.00 0.00 152.00 0.00 148.00 0.00 0.11998
4 100.00 0.00 116.00 0.00 196.00 0.00 180.00 0.00 0.00396563
4 132.00 0.00 136.00 0.00 164.00 0.00 160.00 0.00 0.00215387
4 84.00 0.00 100.00 0.00 212.00 0.00 196.00 0.00 0.000481919
4 92.00 0.00 108.00 0.00 204.00 0.00 188.00 0.00 0.00139192
4 136.00 0.00 140.00 0.00 160.00 0.00 156.00 0.00 0.00589983
4 140.00 0.00 144.00 0.00 156.00 0.00 152.00 0.00 0.0420975
4 124.00 0.00 132.00 0.00 172.00 0.00 164.00 0.00 0.00438552
4 116.00 0.00 124.00 0.00 180.00 0.00 172.00 0.00 0.00221263
4 124.00 0.00 136.00 0.00 172.00 0.00 160.00 0.00 0.0124485
4 120.00 0.00 128.00 0.00 176.00 0.00 168.00 0.00 0.00308138
4 108.00 0.00 124.00 0.00 188.00 0.00 172.00 0.00 0.00723993
4 100.00 0.00 112.00 0.00 196.00 0.00 184.00 0.00 0.00154864
4 128.00 0.00 136.00 0.00 168.00 0.00 160.00 0.00 0.00708744
4 112.00 0.00 124.00 0.00 184.00 0.00 172.00 0.00 0.00490535
4 140.00 0.00 144.00 0.00 160.00 0.00 156.00 0.00 0.0146522
4 136.00 0.00 140.00 0.00 164.00 0.00 160.00 0.00 0.00319358
4 144.00 0.00 148.00 0.00 156.00 0.00 152.00 0.00 0.213013
4 108.00 0.00 120.00 0.00 192.00 0.00 180.00 0.00 0.00289067
4 88.00 0.00 104.00 0.00 216.00 0.00 200.00 0.00 0.000518135
4 144.00 0.00 148.00 0.00 160.00 0.00 156.00 0.00 0.0432313
4 124.00 0.00 132.00 0.00 180.00 0.00 172.00 0.00 0.0023499
4 132.00 0.00 140.00 0.00 172.00 0.00 164.00 0.00 0.0073411
4 140.00 0.00 144.00 0.00 164.00 0.00 160.00 0.00 0.00710633
4 104.00 0.00 120.00 0.00 200.00 0.00 184.00 0.00 0.00398463
4 116.00 0.00 128.00 0.00 188.00 0.00 176.00 0.00 0.00375558
4 104.00 0.00 116.00 0.00 200.00 0.00 188.00 0.00 0.00220877
4 120.00 0.00 128.00 0.00 184.00 0.00 176.00 0.00 0.0020473
4 128.00 0.00 136.00 0.00 176.00 0.00 168.00 0.00 0.00373309
4 136.00 0.00 140.00 0.00 168.00 0.00 164.00 0.00 0.00264642
4 96.00 0.00 112.00 0.00 208.00 0.00 192.00 0.00 0.00161417
4 128.00 0.00 140.00 0.00 176.00 0.00 164.00 0.00 0.012429
4 112.00 0.00 128.00 0.00 192.00 0.00 176.00 0.00 0.00651803
4 148.00 0.00 152.00 0.00 160.00 0.00 156.00 0.00 0.167317
4 112.00 0.00 124.00 0.00 196.00 0.00 184.00 0.00 0.00290126
4 144.00 0.00 148.00 0.00 164.00 0.00 160.00 0.00 0.0163833
4 140.00 0.00 144.00 0.00 168.00 0.00 164.00 0.00 0.00538183
4 132.00 0.00 144.00 0.00 180.00 0.00 168.00 0.00 0.0129858
4 148.00 0.00 152.00 0.00 164.00 0.00 160.00 0.00 0.0419017
4 116.00 0.00 132.00 0.00 196.00 0.00 180.00 0.00 0.0051285
4 108.00 0.00 120.00 0.00 204.00 0.00 192.00 0.00 0.0018291
4 120.00 0.00 132.00 0.00 192.00 0.00 180.00 0.00 0.00334938
4 128.00 0.00 136.00 0.00 184.00 0.00 176.00 0.00 0.00226882
4 144.00 0.00 148.00 0.00 168.00 0.00 164.00 0.00 0.0104397
4 92.00 0.00 108.00 0.00 220.00 0.00 204.00 0.00 0.000870917
4 108.00 0.00 124.00 0.00 204.00 0.00 188.00 0.00 0.00376206
4 136.00 0.00 144.00 0.00 176.00 0.00 168.00 0.00 0.00772681
4 124.00 0.00 132.00 0.00 188.00 0.00 180.00 0.00 0.00151107
4 132.00 0.00 140.00 0.00 180.00 0.00 172.00 0.00 0.00356756
4 140.00 0.00 144.00 0.00 172.00 0.00 168.00 0.00 0.00298043
4 100.00 0.00 116.00 0.00 212.00 0.00 196.00 0.00 0.00223789
4 148.00 0.00 152.00 0.00 168.00 0.00 164.00 0.00 0.0220687
4 116.00 0.00 128.00 0.00 200.00 0.00 188.00 0.00 0.0021899
4 144.00 0.00 148.00 0.00 172.00 0.00 168.00 0.00 0.00520101
4 152.00 0.00 156.00 0.00 164.00 0.00 160.00 0.00 0.204711
4 128.00 0.00 136.00 0.00 192.00 0.00 184.00 0.00 0.00142931
4 136.00 0.00 144.00 0.00 184.00 0.00 176.00 0.00 0.00426265
4 144.00 0.00 148.00 0.00 176.00 0.00 172.00 0.00 0.00302508
4 104.00 0.00 120.00 0.00 216.00 0.00 200.00 0.00 0.0022265
4 136.00 0.00 148.00 0.00 184.00 0.00 172.00 0.00 0.0142793
4 152.00 0.00 156.00 0.00 168.00 0.00 164.00 0.00 0.0680467
4 112.00 0.00 124.00 0.00 208.00 0.00 196.00 0.00 0.00178743
4 96.00 0.00 112.00 0.00 224.00 0.00 208.00 0.00 0.00118326
4 124.00 0.00 136.00 0.00 196.00 0.00 184.00 0.00 0.00276036
4 132.00 0.00 140.00 0.00 188.00 0.00 180.00 0.00 0.00215375
4 120.00 0.00 136.00 0.00 200.00 0.00 184.00 0.00 0.00473393
4 112.00 0.00 128.00 0.00 208.00 0.00 192.00 0.00 0.00328941
4 140.00 0.00 148.00 0.00 180.00 0.00 172.00 0.00 0.00886815
4 148.00 0.00 152.00 0.00 172.00 0.00 168.00 0.00 0.00905287
4 148.00 0.00 152.00 0.00 176.00 0.00 172.00 0.00 0.00530105
4 156.00 0.00 160.00 0.00 168.00 0.00 164.00 0.00 0.289445
4 152.00 0.00 156.00 0.00 172.00 0.00 168.00 0.00 0.0204793
4 120.00 0.00 132.00 0.00 204.00 0.00 192.00 0.00 0.00193452
4 144.00 0.00 152.00 0.00 184.00 0.00 176.00 0.00 0.00986733
4 152.00 0.00 156.00 0.00 176.00 0.00 172.00 0.00 0.00973829
4 156.00 0.00 160.00 0.00 172.00 0.00 168.00 0.00 0.0475606
4 124.00 0.00 140.00 0.00 204.00 0.00 188.00 0.00 0.00409845
4 116.00 0.00 132.00 0.00 212.00 0.00 196.00 0.00 0.00246438
4 132.00 0.00 140.00 0.00 196.00 0.00 188.00 0.00 0.00143261
4 128.00 0.00 140.00 0.00 200.00 0.00 188.00 0.00 0.00273832
4 140.00 0.00 148.00 0.00 188.00 0.00 180.00 0.00 0.00468547
4 148.00 0.00 152.00 0.00 180.00 0.00 176.00 0.00 0.00367109
4 108.00 0.00 124.00 0.00 220.00 0.00 204.00 0.00 0.00213886
4 116.00 0.00 128.00 0.00 212.00 0.00 200.00 0.00 0.00122888
4 140.00 0.00 152.00 0.00 188.00 0.00 176.00 0.00 0.0162533
4 100.00 0.00 116.00 0.00 228.00 0.00 212.00 0.00 0.00169932
4 136.00 0.00 144.00 0.00 192.00 0.00 184.00 0.00 0.00249132
4 156.00 0.00 160.00 0.00 176.00 0.00 172.00 0.00 0.0182745
4 124.00 0.00 136.00 0.00 208.00 0.00 196.00 0.00 0.00155149
4 152.00 0.00 156.00 0.00 180.00 0.00 176.00 0.00 0.00612437
4 160.00 0.00 164.00 0.00 172.00 0.00 168.00 0.00 0.131372
4 120.00 0.00 136.00 0.00 216.00 0.00 200.00 0.00 0.00226283
4 112.00 0.00 128.00 0.00 224.00 0.00 208.00 0.00 0.00219512
4 144.00 0.00 156.00 0.00 192.00 0.00 180.00 0.00 0.017127
4 136.00 0.00 144.00 0.00 200.00 0.00 192.00 0.00 0.00162371
4 140.00 0.00 148.00 0.00 196.00 0.00 188.00 0.00 0.00287532
4 160.00 0.00 164.00 0.00 176.00 0.00 172.00 0.00 0.0338195
4 128.00 0.00 144.00 0.00 208.00 0.00 192.00 0.00 0.00417431
4 148.00 0.00 156.00 0.00 188.00 0.00 180.00 0.00 0.0103193
4 120.00 0.00 132.00 0.00 216.00 0.00 204.00 0.00 0.00118587
4 104.00 0.00 120.00 0.00 232.00 0.00 216.00 0.00 0.00165669
4 152.00 0.00 156.00 0.00 184.00 0.00 180.00 0.00 0.00373227
4 156.00 0.00 160.00 0.00 180.00 0.00 176.00 0.00 0.0100001
4 132.00 0.00 144.00 0.00 204.00 0.00 192.00 0.00 0.00285176
4 144.00 0.00 152.00 0.00 192.00 0.00 184.00 0.00 0.00506506
4 128.00 0.00 140.00 0.00 212.00 0.00 200.00 0.00 0.00142417
4 164.00 0.00 168.00 0.00 176.00 0.00 172.00 0.00 0.195029
4 156.00 0.00 160.00 0.00 184.00 0.00 180.00 0.00 0.00549775
4 160.00 0.00 164.00 0.00 180.00 0.00 176.00 0.00 0.0152248
4 136.00 0.00 148.00 0.00 208.00 0.00 196.00 0.00 0.00308075
4 144.00 0.00 152.00 0.00 200.00 0.00 192.00 0.00 0.00302006
4 148.00 0.00 156.00 0.00 196.00 0.00 188.00 0.00 0.0053736
4 124.00 0.00 140.00 0.00 220.00 0.00 204.00 0.00 0.00199945
4 116.00 0.00 132.00 0.00 228.00 0.00 212.00 0.00 0.00165386
4 152.00 0.00 160.00 0.00 192.00 0.00 184.00 0.00 0.0104168
4 164.00 0.00 168.00 0.00 180.00 0.00 176.00 0.00 0.0544267
4 156.00 0.00 160.00 0.00 188.00 0.00 184.00 0.00 0.00355206
4 140.00 0.00 148.00 0.00 204.00 0.00 196.00 0.00 0.00178973
4 132.00 0.00 148.00 0.00 212.00 0.00 196.00 0.00 0.00444739
4 148.00 0.00 160.00 0.00 196.00 0.00 184.00 0.00 0.0172608
4 124.00 0.00 136.00 0.00 220.00 0.00 208.00 0.00 0.00100824
4 160.00 0.00 164.00 0.00 184.00 0.00 180.00 0.00 0.00732692
4 160.00 0.00 164.00 0.00 188.00 0.00 184.00 0.00 0.00425829
4 132.00 0.00 144.00 0.00 216.00 0.00 204.00 0.00 0.00156967
4 168.00 0.00 172.00 0.00 180.00 0.00 176.00 0.00 0.208489
4 164.00 0.00 168.00 0.00 184.00 0.00 180.00 0.00 0.020412
4 140.00 0.00 152.00 0.00 212.00 0.00 200.00 0.00 0.00306336
4 164.00 0.00 168.00 0.00 188.00 0.00 184.00 0.00 0.00997921
4 148.00 0.00 156.00 0.00 204.00 0.00 196.00 0.00 0.00305953
4 120.00 0.00 136.00 0.00 232.00 0.00 216.00 0.00 0.00148919
4 128.00 0.00 140.00 0.00 224.00 0.00 212.00 0.00 0.0011359
4 152.00 0.00 160.00 0.00 200.00 0.00 192.00 0.00 0.00539866
4 128.00 0.00 144.00 0.00 224.00 0.00 208.00 0.00 0.00236655
4 144.00 0.00 152.00 0.00 208.00 0.00 200.00 0.00 0.00165928
4 156.00 0.00 164.00 0.00 196.00 0.00 188.00 0.00 0.00877243
4 160.00 0.00 164.00 0.00 192.00 0.00 188.00 0.00 0.00284229
4 152.00 0.00 164.00 0.00 200.00 0.00 188.00 0.00 0.0158225
4 136.00 0.00 152.00 0.00 216.00 0.00 200.00 0.00 0.00458654
4 168.00 0.00 172.00 0.00 184.00 0.00 180.00 0.00 0.0524766
4 168.00 0.00 172.00 0.00 188.00 0.00 184.00 0.00 0.0206954
4 164.00 0.00 168.00 0.00 192.00 0.00 188.00 0.00 0.0060946
4 172.00 0.00 176.00 0.00 184.00 0.00 180.00 0.00 0.176907
4 136.00 0.00 148.00 0.00 220.00 0.00 208.00 0.00 0.00179967
4 156.00 0.00 168.00 0.00 204.00 0.00 192.00 0.00 0.0156485
4 140.00 0.00 156.00 0.00 220.00 0.00 204.00 0.00 0.00502803
4 160.00 0.00 168.00 0.00 200.00 0.00 192.00 0.00 0.00950381
4 172.00 0.00 176.00 0.00 188.00 0.00 184.00 0.00 0.0462526
4 144.00 0.00 156.00 0.00 216.00 0.00 204.00 0.00 0.00342864
4 132.00 0.00 144.00 0.00 228.00 0.00 216.00 0.00 0.00115025
4 168.00 0.00 172.00 0.00 192.00 0.00 188.00 0.00 0.0109868
4 156.00 0.00 164.00 0.00 204.00 0.00 196.00 0.00 0.00441268
4 148.00 0.00 156.00 0.00 212.00 0.00 204.00 0.00 0.00175474
4 152.00 0.00 160.00 0.00 208.00 0.00 200.00 0.00 0.00269564
4 164.00 0.00 168.00 0.00 196.00 0.00 192.00 0.00 0.00361753
4 132.00 0.00 148.00 0.00 228.00 0.00 212.00 0.00 0.00254758
4 140.00 0.00 152.00 0.00 224.00 0.00 212.00 0.00 0.00223139
4 176.00 0.00 180.00 0.00 188.00 0.00 184.00 0.00 0.166255
4 172.00 0.00 176.00 0.00 192.00 0.00 188.00 0.00 0.0203811
4 168.00 0.00 172.00 0.00 196.00 0.00 192.00 0.00 0.00582889
4 156.00 0.00 164.00 0.00 212.00 0.00 204.00 0.00 0.00232683
4 136.00 0.00 148.00 0.00 232.00 0.00 220.00 0.00 0.00133563
4 160.00 0.00 172.00 0.00 208.00 0.00 196.00 0.00 0.0157843
4 136.00 0.00 152.00 0.00 232.00 0.00 216.00 0.00 0.00264575
4 148.00 0.00 160.00 0.00 220.00 0.00 208.00 0.00 0.00338317
4 164.00 0.00 172.00 0.00 204.00 0.00 196.00 0.00 0.0102325
4 176.00 0.00 180.00 0.00 192.00 0.00 188.00 0.00 0.0515888
4 160.00 0.00 168.00 0.00 208.00 0.00 200.00 0.00 0.00411723
4 152.00 0.00 160.00 0.00 216.00 0.00 208.00 0.00 0.00186051
4 144.00 0.00 160.00 0.00 224.00 0.00 208.00 0.00 0.00564722
4 168.00 0.00 172.00 0.00 200.00 0.00 196.00 0.00 0.00397708
4 172.00 0.00 176.00 0.00 196.00 0.00 192.00 0.00 0.00937448
4 180.00 0.00 184.00 0.00 192.00 0.00 188.00 0.00 0.186624
4 144.00 0.00 156.00 0.00 228.00 0.00 216.00 0.00 0.00226601
4 172.00 0.00 176.00 0.00 200.00 0.00 196.00 0.00 0.00567554
4 176.00 0.00 180.00 0.00 196.00 0.00 192.00 0.00 0.0195887
4 164.00 0.00 176.00 0.00 212.00 0.00 200.00 0.00 0.0142999
4 160.00 0.00 168.00 0.00 216.00 0.00 208.00 0.00 0.0025953
4 148.00 0.00 164.00 0.00 228.00 0.00 212.00 0.00 0.00525299
4 168.00 0.00 176.00 0.00 208.00 0.00 200.00 0.00 0.00834553
4 152.00 0.00 164.00 0.00 224.00 0.00 212.00 0.00 0.00363491
4 172.00 0.00 176.00 0.00 204.00 0.00 200.00 0.00 0.00281025
4 176.00 0.00 180.00 0.00 200.00 0.00 196.00 0.00 0.010344
4 180.00 0.00 184.00 0.00 196.00 0.00 192.00 0.00 0.0454115
4 164.00 0.00 172.00 0.00 212.00 0.00 204.00 0.00 0.00461605
4 156.00 0.00 164.00 0.00 220.00 0.00 212.00 0.00 0.00161101
4 148.00 0.00 160.00 0.00 232.00 0.00 220.00 0.00 0.00232334
4 180.00 0.00 184.00 0.00 200.00 0.00 196.00 0.00 0.0195391
4 184.00 0.00 188.00 0.00 196.00 0.00 192.00 0.00 0.124765
4 176.00 0.00 180.00 0.00 204.00 0.00 200.00 0.00 0.00466252
4 168.00 0.00 176.00 0.00 216.00 0.00 208.00 0.00 0.00457991
4 176.00 0.00 180.00 0.00 208.00 0.00 204.00 0.00 0.00294378
4 168.00 0.00 180.00 0.00 216.00 0.00 204.00 0.00 0.0145647
4 152.00 0.00 168.00 0.00 232.00 0.00 216.00 0.00 0.00525022
4 184.00 0.00 188.00 0.00 200.00 0.00 196.00 0.00 0.036128
4 164.00 0.00 172.00 0.00 220.00 0.00 212.00 0.00 0.00288995
4 172.00 0.00 180.00 0.00 212.00 0.00 204.00 0.00 0.00822029
4 180.00 0.00 184.00 0.00 204.00 0.00 200.00 0.00 0.00775561
4 160.00 0.00 168.00 0.00 224.00 0.00 216.00 0.00 0.00194591
4 156.00 0.00 168.00 0.00 228.00 0.00 216.00 0.00 0.0034472
4 180.00 0.00 184.00 0.00 208.00 0.00 204.00 0.00 0.00449022
4 188.00 0.00 192.00 0.00 200.00 0.00 196.00 0.00 0.123866
4 184.00 0.00 188.00 0.00 204.00 0.00 200.00 0.00 0.0119984
4 184.00 0.00 188.00 0.00 208.00 0.00 204.00 0.00 0.00616855
4 176.00 0.00 184.00 0.00 216.00 0.00 208.00 0.00 0.00875833
4 164.00 0.00 172.00 0.00 228.00 0.00 220.00 0.00 0.00216574
4 172.00 0.00 180.00 0.00 220.00 0.00 212.00 0.00 0.00449788
4 180.00 0.00 184.00 0.00 212.00 0.00 208.00 0.00 0.002902
4 172.00 0.00 184.00 0.00 220.00 0.00 208.00 0.00 0.0143135
4 188.00 0.00 192.00 0.00 204.00 0.00 200.00 0.00 0.0269661
4 160.00 0.00 172.00 0.00 232.00 0.00 220.00 0.00 0.00365303
4 168.00 0.00 176.00 0.00 224.00 0.00 216.00 0.00 0.00309539
4 184.00 0.00 188.00 0.00 212.00 0.00 208.00 0.00 0.00378692
4 192.00 0.00 196.00 0.00 204.00 0.00 200.00 0.00 0.0864672
4 188.00 0.00 192.00 0.00 208.00 0.00 204.00 0.00 0.0116135
4 172.00 0.00 180.00 0.00 228.00 0.00 220.00 0.00 0.00307162
4 180.00 0.00 188.00 0.00 220.00 0.00 212.00 0.00 0.00783664
4 188.00 0.00 192.00 0.00 212.00 0.00 208.00 0.00 0.00642263
4 168.00 0.00 176.00 0.00 232.00 0.00 224.00 0.00 0.00147245
4 184.00 0.00 188.00 0.00 216.00 0.00 212.00 0.00 0.00272891
4 176.00 0.00 184.00 0.00 224.00 0.00 216.00 0.00 0.0051552
4 176.00 0.00 188.00 0.00 224.00 0.00 212.00 0.00 0.0151434
4 192.00 0.00 196.00 0.00 208.00 0.00 204.00 0.00 0.0247593
4 196.00 0.00 200.00 0.00 208.00 0.00 204.00 0.00 0.100501
4 192.00 0.00 196.00 0.00 212.00 0.00 208.00 0.00 0.0113942
4 188.00 0.00 192.00 0.00 216.00 0.00 212.00 0.00 0.00429156
4 180.00 0.00 188.00 0.00 228.00 0.00 220.00 0.00 0.00474843
4 188.00 0.00 192.00 0.00 220.00 0.00 216.00 0.00 0.00233281
4 180.00 0.00 192.00 0.00 228.00 0.00 216.00 0.00 0.0135186
4 176.00 0.00 184.00 0.00 232.00 0.00 224.00 0.00 0.00227711
4 184.00 0.00 192.00 0.00 224.00 0.00 216.00 0.00 0.00826951
4 192.00 0.00 196.00 0.00 216.00 0.00 212.00 0.00 0.00678354
4 196.00 0.00 200.00 0.00 212.00 0.00 208.00 0.00 0.0290648
4 196.00 0.00 200.00 0.00 216.00 0.00 212.00 0.00 0.0135226
4 192.00 0.00 196.00 0.00 220.00 0.00 216.00 0.00 0.00340093
4 200.00 0.00 204.00 0.00 212.00 0.00 208.00 0.00 0.109442
4 188.00 0.00 196.00 0.00 228.00 0.00 220.00 0.00 0.00842784
4 192.00 0.00 196.00 0.00 224.00 0.00 220.00 0.00 0.00357191
4 196.00 0.00 200.00 0.00 220.00 0.00 216.00 0.00 0.00591979
4 184.00 0.00 192.00 0.00 232.00 0.00 224.00 0.00 0.0032548
4 184.00 0.00 196.00 0.00 232.00 0.00 220.00 0.00 0.0136399
4 200.00 0.00 204.00 0.00 216.00 0.00 212.00 0.00 0.0298145
4 200.00 0.00 204.00 0.00 220.00 0.00 216.00 0.00 0.0100832
4 204.00 0.00 208.00 0.00 216.00 0.00 212.00 0.00 0.108436
4 196.00 0.00 200.00 0.00 224.00 0.00 220.00 0.00 0.0056737
4 204.00 0.00 208.00 0.00 220.00 0.00 216.00 0.00 0.0232979
4 196.00 0.00 200.00 0.00 228.00 0.00 224.00 0.00 0.00197625
4 200.00 0.00 204.00 0.00 224.00 0.00 220.00 0.00 0.00845027
4 192.00 0.00 200.00 0.00 232.00 0.00 224.00 0.00 0.0060509
4 208.00 0.00 212.00 0.00 220.00 0.00 216.00 0.00 0.0751279
4 204.00 0.00 208.00 0.00 224.00 0.00 220.00 0.00 0.0159558
4 200.00 0.00 204.00 0.00 228.00 0.00 224.00 0.00 0.00263203
4 200.00 0.00 204.00 0.00 232.00 0.00 228.00 0.00 0.00206869
4 208.00 0.00 212.00 0.00 224.00 0.00 220.00 0.00 0.0363026
4 204.00 0.00 208.00 0.00 228.00 0.00 224.00 0.00 0.00433603
4 204.00 0.00 208.00 0.00 232.00 0.00 228.00 0.00 0.00311132
4 212.00 0.00 216.00 0.00 224.00 0.00 220.00 0.00 0.206163
4 208.00 0.00 212.00 0.00 228.00 0.00 224.00 0.00 0.00784843
4 208.00 0.00 212.00 0.00 232.00 0.00 228.00 0.00 0.00516801
4 212.00 0.00 216.00 0.00 228.00 0.00 224.00 0.00 0.0248056
4 212.00 0.00 216.00 0.00 232.00 0.00 228.00 0.00 0.0123827
4 216.00 0.00 220.00 0.00 228.00 0.00 224.00 0.00 0.0925254
4 216.00 0.00 220.00 0.00 232.00 0.00 228.00 0.00 0.0290676
4 220.00 0.00 224.00 0.00 232.00 0.00 228.00 0.00 0.262233
4 0.00 0.00 12.00 0.00 4.00 0.00 8.00 0.00 0.343263
4 4.00 0.00 16.00 0.00 8.00 0.00 12.00 0.00 0.307309
4 0.00 0.00 24.00 0.00 8.00 0.00 16.00 0.00 0.176194
4 8.00 0.00 20.00 0.00 12.00 0.00 16.00 0.00 0.277417
4 4.00 0.00 28.00 0.00 12.00 0.00 20.00 0.00 0.174475
4 0.00 0.00 36.00 0.00 12.00 0.00 24.00 0.00 0.149812
4 12.00 0.00 24.00 0.00 16.00 0.00 20.00 0.00 0.279948
4 8.00 0.00 32.00 0.00 16.00 0.00 24.00 0.00 0.166987
4 4.00 0.00 40.00 0.00 16.00 0.00 28.00 0.00 0.143422
4 16.00 0.00 28.00 0.00 20.00 0.00 24.00 0.00 0.299257
4 12.00 0.00 36.00 0.00 20.00 0.00 28.00 0.00 0.162899
4 0.00 0.00 48.00 0.00 16.00 0.00 32.00 0.00 0.1462
4 8.00 0.00 44.00 0.00 20.00 0.00 32.00 0.00 0.152513
4 20.00 0.00 32.00 0.00 24.00 0.00 28.00 0.00 0.260806
4 4.00 0.00 52.00 0.00 20.00 0.00 36.00 0.00 0.150105
4 16.00 0.00 40.00 0.00 24.00 0.00 32.00 0.00 0.183319
4 0.00 0.00 60.00 0.00 20.00 0.00 40.00 0.00 0.145715
4 12.00 0.00 48.00 0.00 24.00 0.00 36.00 0.00 0.164931
4 24.00 0.00 36.00 0.00 28.00 0.00 32.00 0.00 0.343409
4 8.00 0.00 56.00 0.00 24.00 0.00 40.00 0.00 0.152723
4 20.00 0.00 44.00 0.00 28.00 0.00 36.00 0.00 0.20671
4 4.00 0.00 64.00 0.00 24.00 0.00 44.00 0.00 0.153633
4 28.00 0.00 40.00 0.00 32.00 0.00 36.00 0.00 0.318412
4 16.00 0.00 52.00 0.00 28.00 0.00 40.00 0.00 0.176935
4 24.00 0.00 48.00 0.00 32.00 0.00 40.00 0.00 0.211518
4 12.00 0.00 60.00 0.00 28.00 0.00 44.00 0.00 0.168398
4 0.00 0.00 72.00 0.00 24.00 0.00 48.00 0.00 0.153102
4 20.00 0.00 56.00 0.00 32.00 0.00 44.00 0.00 0.174303
4 8.00 0.00 68.00 0.00 28.00 0.00 48.00 0.00 0.164583
4 32.00 0.00 44.00 0.00 36.00 0.00 40.00 0.00 0.336864
4 4.00 0.00 76.00 0.00 28.00 0.00 52.00 0.00 0.170868
4 28.00 0.00 52.00 0.00 36.00 0.00 44.00 0.00 0.209757
4 16.00 0.00 64.00 0.00 32.00 0.00 48.00 0.00 0.174238
4 24.00 0.00 60.00 0.00 36.00 0.00 48.00 0.00 0.183169
4 0.00 0.00 84.00 0.00 28.00 0.00 56.00 0.00 0.172547
4 12.00 0.00 72.00 0.00 32.00 0.00 52.00 0.00 0.181311
4 36.00 0.00 48.00 0.00 40.00 0.00 44.00 0.00 0.354648
4 8.00 0.00 80.00 0.00 32.00 0.00 56.00 0.00 0.181418
4 20.00 0.00 68.00 0.00 36.00 0.00 52.00 0.00 0.190984
4 32.00 0.00 56.00 0.00 40.00 0.00 48.00 0.00 0.214508
4 40.00 0.00 52.00 0.00 44.00 0.00 48.00 0.00 0.329059
4 4.00 0.00 88.00 0.00 32.00 0.00 60.00 0.00 0.179361
4 16.00 0.00 76.00 0.00 36.00 0.00 56.00 0.00 0.195616
4 28.00 0.00 64.00 0.00 40.00 0.00 52.00 0.00 0.202797
4 24.00 0.00 72.00 0.00 40.00 0.00 56.00 0.00 0.210625
4 12.00 0.00 84.00 0.00 36.00 0.00 60.00 0.00 0.190409
4 36.00 0.00 60.00 0.00 44.00 0.00 52.00 0.00 0.244933
4 0.00 0.00 96.00 0.00 32.00 0.00 64.00 0.00 0.181845
4 8.00 0.00 92.00 0.00 36.00 0.00 64.00 0.00 0.186985
4 20.00 0.00 80.00 0.00 40.00 0.00 60.00 0.00 0.205477
4 32.00 0.00 68.00 0.00 44.00 0.00 56.00 0.00 0.22635
4 44.00 0.00 56.00 0.00 48.00 0.00 52.00 0.00 0.351005
4 28.00 0.00 76.00 0.00 44.00 0.00 60.00 0.00 0.218773
4 16.00 0.00 88.00 0.00 40.00 0.00 64.00 0.00 0.19933
4 40.00 0.00 64.00 0.00 48.00 0.00 56.00 0.00 0.278707
4 4.00 0.00 100.00 0.00 36.00 0.00 68.00 0.00 0.196124
4 36.00 0.00 72.00 0.00 48.00 0.00 60.00 0.00 0.248379
4 24.00 0.00 84.00 0.00 44.00 0.00 64.00 0.00 0.213122
4 48.00 0.00 60.00 0.00 52.00 0.00 56.00 0.00 0.37574
4 0.00 0.00 108.00 0.00 36.00 0.00 72.00 0.00 0.161637
4 12.00 0.00 96.00 0.00 40.00 0.00 68.00 0.00 0.203926
4 32.00 0.00 80.00 0.00 48.00 0.00 64.00 0.00 0.230459
4 20.00 0.00 92.00 0.00 44.00 0.00 68.00 0.00 0.211647
4 44.00 0.00 68.00 0.00 52.00 0.00 60.00 0.00 0.272595
4 8.00 0.00 104.00 0.00 40.00 0.00 72.00 0.00 0.199214
4 28.00 0.00 88.00 0.00 48.00 0.00 68.00 0.00 0.221358
4 4.00 0.00 112.00 0.00 40.00 0.00 76.00 0.00 0.151025
4 52.00 0.00 64.00 0.00 56.00 0.00 60.00 0.00 0.347991
4 16.00 0.00 100.00 0.00 44.00 0.00 72.00 0.00 0.215183
4 40.00 0.00 76.00 0.00 52.00 0.00 64.00 0.00 0.24529
4 0.00 0.00 120.00 0.00 40.00 0.00 80.00 0.00 0.101853
4 24.00 0.00 96.00 0.00 48.00 0.00 72.00 0.00 0.221366
4 48.00 0.00 72.00 0.00 56.00 0.00 64.00 0.00 0.267356
4 36.00 0.00 84.00 0.00 52.00 0.00 68.00 0.00 0.234117
4 12.00 0.00 108.00 0.00 44.00 0.00 76.00 0.00 0.179293
4 56.00 0.00 68.00 0.00 60.00 0.00 64.00 0.00 0.380263
4 8.00 0.00 116.00 0.00 44.00 0.00 80.00 0.00 0.1177
4 44.00 0.00 80.00 0.00 56.00 0.00 68.00 0.00 0.246736
4 20.00 0.00 104.00 0.00 48.00 0.00 76.00 0.00 0.225719
4 32.00 0.00 92.00 0.00 52.00 0.00 72.00 0.00 0.219419
4 4.00 0.00 124.00 0.00 44.00 0.00 84.00 0.00 0.0920492
4 52.00 0.00 76.00 0.00 60.00 0.00 68.00 0.00 0.293886
4 40.00 0.00 88.00 0.00 56.00 0.00 72.00 0.00 0.226024
4 16.00 0.00 112.00 0.00 48.00 0.00 80.00 0.00 0.166034
4 28.00 0.00 100.00 0.00 52.00 0.00 76.00 0.00 0.231382
4 24.00 0.00 108.00 0.00 52.00 0.00 80.00 0.00 0.191592
4 36.00 0.00 96.00 0.00 56.00 0.00 76.00 0.00 0.23499
4 12.00 0.00 120.00 0.00 48.00 0.00 84.00 0.00 0.106284
4 60.00 0.00 72.00 0.00 64.00 0.00 68.00 0.00 0.444612
4 48.00 0.00 84.00 0.00 60.00 0.00 72.00 0.00 0.247312
4 20.00 0.00 116.00 0.00 52.00 0.00 84.00 0.00 0.120876
4 56.00 0.00 80.00 0.00 64.00 0.00 72.00 0.00 0.297099
4 8.00 0.00 128.00 0.00 48.00 0.00 88.00 0.00 0.0876049
4 44.00 0.00 92.00 0.00 60.00 0.00 76.00 0.00 0.246879
4 32.00 0.00 104.00 0.00 56.00 0.00 80.00 0.00 0.240515
4 16.00 0.00 124.00 0.00 52.00 0.00 88.00 0.00 0.0900895
4 28.00 0.00 112.00 0.00 56.00 0.00 84.00 0.00 0.168082
4 64.00 0.00 76.00 0.00 68.00 0.00 72.00 0.00 0.397745
4 40.00 0.00 100.00 0.00 60.00 0.00 80.00 0.00 0.26394
4 52.00 0.00 88.00 0.00 64.00 0.00 76.00 0.00 0.267062
4 48.00 0.00 96.00 0.00 64.00 0.00 80.00 0.00 0.276886
4 60.00 0.00 84.00 0.00 68.00 0.00 76.00 0.00 0.31871
4 12.00 0.00 132.00 0.00 52.00 0.00 92.00 0.00 0.0799194
4 24.00 0.00 120.00 0.00 56.00 0.00 88.00 0.00 0.101963
4 36.00 0.00 108.00 0.00 60.00 0.00 84.00 0.00 0.208976
4 0.00 0.00 144.00 0.00 48.00 0.00 96.00 0.00 0.0742441
4 20.00 0.00 128.00 0.00 56.00 0.00 92.00 0.00 0.0248098
4 44.00 0.00 104.00 0.00 64.00 0.00 84.00 0.00 0.283136
4 56.00 0.00 92.00 0.00 68.00 0.00 80.00 0.00 0.293676
4 32.00 0.00 116.00 0.00 60.00 0.00 88.00 0.00 0.123633
4 68.00 0.00 80.00 0.00 72.00 0.00 76.00 0.00 0.504115
4 16.00 0.00 136.00 0.00 56.00 0.00 96.00 0.00 0.0752246
4 40.00 0.00 112.00 0.00 64.00 0.00 88.00 0.00 0.188743
4 64.00 0.00 88.00 0.00 72.00 0.00 80.00 0.00 0.360577
4 4.00 0.00 148.00 0.00 52.00 0.00 100.00 0.00 0.0674662
4 28.00 0.00 124.00 0.00 60.00 0.00 92.00 0.00 0.0865306
4 52.00 0.00 100.00 0.00 68.00 0.00 84.00 0.00 0.310181
4 36.00 0.00 120.00 0.00 64.00 0.00 92.00 0.00 0.10624
4 60.00 0.00 96.00 0.00 72.00 0.00 84.00 0.00 0.345664
4 24.00 0.00 132.00 0.00 60.00 0.00 96.00 0.00 0.0794308
4 48.00 0.00 108.00 0.00 68.00 0.00 88.00 0.00 0.235315
4 72.00 0.00 84.00 0.00 76.00 0.00 80.00 0.00 0.51408
4 44.00 0.00 116.00 0.00 68.00 0.00 92.00 0.00 0.130862
4 32.00 0.00 128.00 0.00 64.00 0.00 96.00 0.00 0.084126
4 8.00 0.00 152.00 0.00 56.00 0.00 104.00 0.00 0.0646677
4 56.00 0.00 104.00 0.00 72.00 0.00 88.00 0.00 0.342661
4 20.00 0.00 140.00 0.00 60.00 0.00 100.00 0.00 0.073296
4 68.00 0.00 92.00 0.00 76.00 0.00 84.00 0.00 0.397691
4 64.00 0.00 100.00 0.00 76.00 0.00 88.00 0.00 0.386398
4 28.00 0.00 136.00 0.00 64.00 0.00 100.00 0.00 0.0752259
4 52.00 0.00 112.00 0.00 72.00 0.00 92.00 0.00 0.209434
4 40.00 0.00 124.00 0.00 68.00 0.00 96.00 0.00 0.0924154
4 76.00 0.00 88.00 0.00 80.00 0.00 84.00 0.00 0.549071
4 36.00 0.00 132.00 0.00 68.00 0.00 100.00 0.00 0.0808513
4 0.00 0.00 168.00 0.00 56.00 0.00 112.00 0.00 0.0695469
4 60.00 0.00 108.00 0.00 76.00 0.00 92.00 0.00 0.271275
4 48.00 0.00 120.00 0.00 72.00 0.00 96.00 0.00 0.116666
4 24.00 0.00 144.00 0.00 64.00 0.00 104.00 0.00 0.0735361
4 12.00 0.00 156.00 0.00 60.00 0.00 108.00 0.00 0.0746421
4 72.00 0.00 96.00 0.00 80.00 0.00 88.00 0.00 0.433035
4 32.00 0.00 140.00 0.00 68.00 0.00 104.00 0.00 0.0768669
4 56.00 0.00 116.00 0.00 76.00 0.00 96.00 0.00 0.15146
4 44.00 0.00 128.00 0.00 72.00 0.00 100.00 0.00 0.089944
4 80.00 0.00 92.00 0.00 84.00 0.00 88.00 0.00 0.604228
4 68.00 0.00 104.00 0.00 80.00 0.00 92.00 0.00 0.39895
4 64.00 0.00 112.00 0.00 80.00 0.00 96.00 0.00 0.23977
4 52.00 0.00 124.00 0.00 76.00 0.00 100.00 0.00 0.100736
4 28.00 0.00 148.00 0.00 68.00 0.00 108.00 0.00 0.0845987
4 16.00 0.00 160.00 0.00 64.00 0.00 112.00 0.00 0.0802344
4 40.00 0.00 136.00 0.00 72.00 0.00 104.00 0.00 0.0853056
4 76.00 0.00 100.00 0.00 84.00 0.00 92.00 0.00 0.459417
4 4.00 0.00 172.00 0.00 60.00 0.00 116.00 0.00 0.0788433
4 48.00 0.00 132.00 0.00 76.00 0.00 104.00 0.00 0.0930803
4 84.00 0.00 96.00 0.00 88.00 0.00 92.00 0.00 0.618159
4 36.00 0.00 144.00 0.00 72.00 0.00 108.00 0.00 0.0957156
4 60.00 0.00 120.00 0.00 80.00 0.00 100.00 0.00 0.129646
4 72.00 0.00 108.00 0.00 84.00 0.00 96.00 0.00 0.307391
4 20.00 0.00 164.00 0.00 68.00 0.00 116.00 0.00 0.092618
4 32.00 0.00 152.00 0.00 72.00 0.00 112.00 0.00 0.0943547
4 56.00 0.00 128.00 0.00 80.00 0.00 104.00 0.00 0.105584
4 44.00 0.00 140.00 0.00 76.00 0.00 108.00 0.00 0.107219
4 80.00 0.00 104.00 0.00 88.00 0.00 96.00 0.00 0.499412
4 8.00 0.00 176.00 0.00 64.00 0.00 120.00 0.00 0.0803247
4 68.00 0.00 116.00 0.00 84.00 0.00 100.00 0.00 0.16765
4 88.00 0.00 100.00 0.00 92.00 0.00 96.00 0.00 0.734898
4 52.00 0.00 136.00 0.00 80.00 0.00 108.00 0.00 0.122743
4 40.00 0.00 148.00 0.00 76.00 0.00 112.00 0.00 0.105573
4 76.00 0.00 112.00 0.00 88.00 0.00 100.00 0.00 0.255555
4 64.00 0.00 124.00 0.00 84.00 0.00 104.00 0.00 0.122837
4 0.00 0.00 192.00 0.00 64.00 0.00 128.00 0.00 0.0719924
4 48.00 0.00 144.00 0.00 80.00 0.00 112.00 0.00 0.120997
4 24.00 0.00 168.00 0.00 72.00 0.00 120.00 0.00 0.0952301
4 72.00 0.00 120.00 0.00 88.00 0.00 104.00 0.00 0.159913
4 84.00 0.00 108.00 0.00 92.00 0.00 100.00 0.00 0.372386
4 36.00 0.00 156.00 0.00 76.00 0.00 116.00 0.00 0.11241
4 12.00 0.00 180.00 0.00 68.00 0.00 124.00 0.00 0.083171
4 60.00 0.00 132.00 0.00 84.00 0.00 108.00 0.00 0.144189
4 92.00 0.00 104.00 0.00 96.00 0.00 100.00 0.00 0.714331
4 44.00 0.00 152.00 0.00 80.00 0.00 116.00 0.00 0.128918
4 68.00 0.00 128.00 0.00 88.00 0.00 108.00 0.00 0.174758
4 80.00 0.00 116.00 0.00 92.00 0.00 104.00 0.00 0.232911
4 56.00 0.00 140.00 0.00 84.00 0.00 112.00 0.00 0.144398
4 88.00 0.00 112.00 0.00 96.00 0.00 104.00 0.00 0.439963
4 16.00 0.00 184.00 0.00 72.00 0.00 128.00 0.00 0.0840759
4 64.00 0.00 136.00 0.00 88.00 0.00 112.00 0.00 0.172028
4 40.00 0.00 160.00 0.00 80.00 0.00 120.00 0.00 0.117876
4 4.00 0.00 196.00 0.00 68.00 0.00 132.00 0.00 0.0712686
4 52.00 0.00 148.00 0.00 84.00 0.00 116.00 0.00 0.152369
4 28.00 0.00 172.00 0.00 76.00 0.00 124.00 0.00 0.0978927
4 76.00 0.00 124.00 0.00 92.00 0.00 108.00 0.00 0.225842
4 48.00 0.00 156.00 0.00 84.00 0.00 120.00 0.00 0.135492
4 96.00 0.00 108.00 0.00 100.00 0.00 104.00 0.00 0.943745
4 60.00 0.00 144.00 0.00 88.00 0.00 116.00 0.00 0.18639
4 84.00 0.00 120.00 0.00 96.00 0.00 108.00 0.00 0.373194
4 72.00 0.00 132.00 0.00 92.00 0.00 112.00 0.00 0.213707
4 8.00 0.00 200.00 0.00 72.00 0.00 136.00 0.00 0.0710247
4 20.00 0.00 188.00 0.00 76.00 0.00 132.00 0.00 0.0839569
4 68.00 0.00 140.00 0.00 92.00 0.00 116.00 0.00 0.234753
4 44.00 0.00 164.00 0.00 84.00 0.00 124.00 0.00 0.126677
4 92.00 0.00 116.00 0.00 100.00 0.00 108.00 0.00 0.684668
4 32.00 0.00 176.00 0.00 80.00 0.00 128.00 0.00 0.0990455
4 80.00 0.00 128.00 0.00 96.00 0.00 112.00 0.00 0.288515
4 56.00 0.00 152.00 0.00 88.00 0.00 120.00 0.00 0.166002
4 100.00 0.00 112.00 0.00 104.00 0.00 108.00 0.00 1.64359
4 88.00 0.00 124.00 0.00 100.00 0.00 112.00 0.00 0.428776
4 64.00 0.00 148.00 0.00 92.00 0.00 120.00 0.00 0.204443
4 76.00 0.00 136.00 0.00 96.00 0.00 116.00 0.00 0.300737
4 52.00 0.00 160.00 0.00 88.00 0.00 124.00 0.00 0.149613
4 12.00 0.00 204.00 0.00 76.00 0.00 140.00 0.00 0.0714201
4 96.00 0.00 120.00 0.00 104.00 0.00 112.00 0.00 0.760715
4 72.00 0.00 144.00 0.00 96.00 0.00 120.00 0.00 0.258299
4 0.00 0.00 216.00 0.00 72.00 0.00 144.00 0.00 0.0625321
4 84.00 0.00 132.00 0.00 100.00 0.00 116.00 0.00 0.418352
4 36.00 0.00 180.00 0.00 84.00 0.00 132.00 0.00 0.100828
4 60.00 0.00 156.00 0.00 92.00 0.00 124.00 0.00 0.183908
4 48.00 0.00 168.00 0.00 88.00 0.00 128.00 0.00 0.129918
4 24.00 0.00 192.00 0.00 80.00 0.00 136.00 0.00 0.0835439
4 92.00 0.00 128.00 0.00 104.00 0.00 116.00 0.00 0.567188
4 104.00 0.00 116.00 0.00 108.00 0.00 112.00 0.00 1.19731
4 80.00 0.00 140.00 0.00 100.00 0.00 120.00 0.00 0.350541
4 68.00 0.00 152.00 0.00 96.00 0.00 124.00 0.00 0.231713
4 56.00 0.00 164.00 0.00 92.00 0.00 128.00 0.00 0.160221
4 4.00 0.00 220.00 0.00 76.00 0.00 148.00 0.00 0.0629663
4 64.00 0.00 160.00 0.00 96.00 0.00 128.00 0.00 0.195146
4 76.00 0.00 148.00 0.00 100.00 0.00 124.00 0.00 0.297695
4 40.00 0.00 184.00 0.00 88.00 0.00 136.00 0.00 0.10319
4 52.00 0.00 172.00 0.00 92.00 0.00 132.00 0.00 0.138452
4 28.00 0.00 196.00 0.00 84.00 0.00 140.00 0.00 0.0829054
4 88.00 0.00 136.00 0.00 104.00 0.00 120.00 0.00 0.465608
4 16.00 0.00 208.00 0.00 80.00 0.00 144.00 0.00 0.0724113
4 100.00 0.00 124.00 0.00 108.00 0.00 116.00 0.00 0.582544
4 60.00 0.00 168.00 0.00 96.00 0.00 132.00 0.00 0.168414
4 72.00 0.00 156.00 0.00 100.00 0.00 128.00 0.00 0.245501
4 96.00 0.00 132.00 0.00 108.00 0.00 120.00 0.00 0.443316
4 108.00 0.00 120.00 0.00 112.00 0.00 116.00 0.00 1.89944
4 84.00 0.00 144.00 0.00 104.00 0.00 124.00 0.00 0.390145
4 8.00 0.00 224.00 0.00 80.00 0.00 152.00 0.00 0.0621403
4 92.00 0.00 140.00 0.00 108.00 0.00 124.00 0.00 0.382173
4 56.00 0.00 176.00 0.00 96.00 0.00 136.00 0.00 0.146747
4 20.00 0.00 212.00 0.00 84.00 0.00 148.00 0.00 0.0737499
4 80.00 0.00 152.00 0.00 104.00 0.00 128.00 0.00 0.313115
4 44.00 0.00 188.00 0.00 92.00 0.00 140.00 0.00 0.107949
4 104.00 0.00 128.00 0.00 112.00 0.00 120.00 0.00 0.541629
4 68.00 0.00 164.00 0.00 100.00 0.00 132.00 0.00 0.211926
4 32.00 0.00 200.00 0.00 88.00 0.00 144.00 0.00 0.0850127
4 88.00 0.00 148.00 0.00 108.00 0.00 128.00 0.00 0.310313
4 112.00 0.00 124.00 0.00 116.00 0.00 120.00 0.00 0.974719
4 76.00 0.00 160.00 0.00 104.00 0.00 132.00 0.00 0.256207
4 100.00 0.00 136.00 0.00 112.00 0.00 124.00 0.00 0.405557
4 64.00 0.00 172.00 0.00 100.00 0.00 136.00 0.00 0.179865
4 96.00 0.00 144.00 0.00 112.00 0.00 128.00 0.00 0.323391
4 24.00 0.00 216.00 0.00 88.00 0.00 152.00 0.00 0.0745315
4 48.00 0.00 192.00 0.00 96.00 0.00 144.00 0.00 0.113209
4 108.00 0.00 132.00 0.00 116.00 0.00 124.00 0.00 0.506863
4 72.00 0.00 168.00 0.00 104.00 0.00 136.00 0.00 0.21478
4 84.00 0.00 156.00 0.00 108.00 0.00 132.00 0.00 0.254049
4 12.00 0.00 228.00 0.00 84.00 0.00 156.00 0.00 0.0637401
4 36.00 0.00 204.00 0.00 92.00 0.00 148.00 0.00 0.0901717
4 60.00 0.00 180.00 0.00 100.00 0.00 140.00 0.00 0.15645
4 92.00 0.00 152.00 0.00 112.00 0.00 132.00 0.00 0.258773
4 80.00 0.00 164.00 0.00 108.00 0.00 136.00 0.00 0.213597
4 68.00 0.00 176.00 0.00 104.00 0.00 140.00 0.00 0.186542
4 116.00 0.00 128.00 0.00 120.00 0.00 124.00 0.00 1.26674
4 104.00 0.00 140.00 0.00 116.00 0.00 128.00 0.00 0.257562
4 88.00 0.00 160.00 0.00 112.00 0.00 136.00 0.00 0.217875
4 76.00 0.00 172.00 0.00 108.00 0.00 140.00 0.00 0.179968
4 40.00 0.00 208.00 0.00 96.00 0.00 152.00 0.00 0.0936737
4 52.00 0.00 196.00 0.00 100.00 0.00 148.00 0.00 0.122514
4 112.00 0.00 136.00 0.00 120.00 0.00 128.00 0.00 0.416641
4 16.00 0.00 232.00 0.00 88.00 0.00 160.00 0.00 0.0648213
4 100.00 0.00 148.00 0.00 116.00 0.00 132.00 0.00 0.18216
4 64.00 0.00 184.00 0.00 104.00 0.00 144.00 0.00 0.162081
4 28.00 0.00 220.00 0.00 92.00 0.00 156.00 0.00 0.0769005
4 84.00 0.00 168.00 0.00 112.00 0.00 140.00 0.00 0.185363
4 120.00 0.00 132.00 0.00 124.00 0.00 128.00 0.00 0.562303
4 72.00 0.00 180.00 0.00 108.00 0.00 144.00 0.00 0.156335
4 108.00 0.00 144.00 0.00 120.00 0.00 132.00 0.00 0.243998
4 96.00 0.00 156.00 0.00 116.00 0.00 136.00 0.00 0.150899
4 80.00 0.00 176.00 0.00 112.00 0.00 144.00 0.00 0.161184
4 44.00 0.00 212.00 0.00 100.00 0.00 156.00 0.00 0.098977
4 32.00 0.00 224.00 0.00 96.00 0.00 160.00 0.00 0.0777994
4 116.00 0.00 140.00 0.00 124.00 0.00 132.00 0.00 0.301914
4 68.00 0.00 188.00 0.00 108.00 0.00 148.00 0.00 0.140394
4 104.00 0.00 152.00 0.00 120.00 0.00 136.00 0.00 0.145338
4 92.00 0.00 164.00 0.00 116.00 0.00 140.00 0.00 0.129278
4 56.00 0.00 200.00 0.00 104.00 0.00 152.00 0.00 0.12698
4 76.00 0.00 184.00 0.00 112.00 0.00 148.00 0.00 0.141158
4 124.00 0.00 136.00 0.00 128.00 0.00 132.00 0.00 0.569486
4 100.00 0.00 160.00 0.00 120.00 0.00 140.00 0.00 0.11399
4 112.00 0.00 148.00 0.00 124.00 0.00 136.00 0.00 0.155918
4 88.00 0.00 172.00 0.00 116.00 0.00 144.00 0.00 0.116787
4 72.00 0.00 192.00 0.00 112.00 0.00 152.00 0.00 0.124481
4 48.00 0.00 216.00 0.00 104.00 0.00 160.00 0.00 0.100977
4 120.00 0.00 144.00 0.00 128.00 0.00 136.00 0.00 0.234039
4 60.00 0.00 204.00 0.00 108.00 0.00 156.00 0.00 0.111006
4 108.00 0.00 156.00 0.00 124.00 0.00 140.00 0.00 0.114948
4 96.00 0.00 168.00 0.00 120.00 0.00 144.00 0.00 0.104325
4 36.00 0.00 228.00 0.00 100.00 0.00 164.00 0.00 0.0808814
4 84.00 0.00 180.00 0.00 116.00 0.00 148.00 0.00 0.106065
4 116.00 0.00 152.00 0.00 128.00 0.00 140.00 0.00 0.162221
4 104.00 0.00 164.00 0.00 124.00 0.00 144.00 0.00 0.091379
4 128.00 0.00 140.00 0.00 132.00 0.00 136.00 0.00 0.526793
4 92.00 0.00 176.00 0.00 120.00 0.00 148.00 0.00 0.0960364
4 80.00 0.00 188.00 0.00 116.00 0.00 152.00 0.00 0.0955295
4 64.00 0.00 208.00 0.00 112.00 0.00 160.00 0.00 0.100517
4 100.00 0.00 172.00 0.00 124.00 0.00 148.00 0.00 0.0816657
4 40.00 0.00 232.00 0.00 104.00 0.00 168.00 0.00 0.0820727
4 124.00 0.00 148.00 0.00 132.00 0.00 140.00 0.00 0.237939
4 88.00 0.00 184.00 0.00 120.00 0.00 152.00 0.00 0.088919
4 112.00 0.00 160.00 0.00 128.00 0.00 144.00 0.00 0.118397
4 76.00 0.00 196.00 0.00 116.00 0.00 156.00 0.00 0.0868874
4 52.00 0.00 220.00 0.00 108.00 0.00 164.00 0.00 0.0887835
4 120.00 0.00 156.00 0.00 132.00 0.00 144.00 0.00 0.163882
4 96.00 0.00 180.00 0.00 124.00 0.00 152.00 0.00 0.0771691
4 132.00 0.00 144.00 0.00 136.00 0.00 140.00 0.00 0.456228
4 84.00 0.00 192.00 0.00 120.00 0.00 156.00 0.00 0.0822149
4 108.00 0.00 168.00 0.00 128.00 0.00 148.00 0.00 0.101465
4 68.00 0.00 212.00 0.00 116.00 0.00 164.00 0.00 0.0715587
4 92.00 0.00 188.00 0.00 124.00 0.00 156.00 0.00 0.0727997
4 116.00 0.00 164.00 0.00 132.00 0.00 148.00 0.00 0.145205
4 56.00 0.00 224.00 0.00 112.00 0.00 168.00 0.00 0.0803398
4 128.00 0.00 152.00 0.00 136.00 0.00 144.00 0.00 0.262734
4 104.00 0.00 176.00 0.00 128.00 0.00 152.00 0.00 0.0823167
4 80.00 0.00 200.00 0.00 120.00 0.00 160.00 0.00 0.0746704
4 136.00 0.00 148.00 0.00 140.00 0.00 144.00 0.00 0.509427
4 100.00 0.00 184.00 0.00 128.00 0.00 156.00 0.00 0.075675
4 124.00 0.00 160.00 0.00 136.00 0.00 148.00 0.00 0.195432
4 112.00 0.00 172.00 0.00 132.00 0.00 152.00 0.00 0.10864
4 88.00 0.00 196.00 0.00 124.00 0.00 160.00 0.00 0.067734
4 60.00 0.00 228.00 0.00 116.00 0.00 172.00 0.00 0.0593599
4 132.00 0.00 156.00 0.00 140.00 0.00 148.00 0.00 0.28806
4 120.00 0.00 168.00 0.00 136.00 0.00 152.00 0.00 0.147978
4 96.00 0.00 192.00 0.00 128.00 0.00 160.00 0.00 0.0700347
4 108.00 0.00 180.00 0.00 132.00 0.00 156.00 0.00 0.0936254
4 84.00 0.00 204.00 0.00 124.00 0.00 164.00 0.00 0.0616889
4 72.00 0.00 216.00 0.00 120.00 0.00 168.00 0.00 0.0627478
4 128.00 0.00 164.00 0.00 140.00 0.00 152.00 0.00 0.208092
4 104.00 0.00 188.00 0.00 132.00 0.00 160.00 0.00 0.0763337
4 116.00 0.00 176.00 0.00 136.00 0.00 156.00 0.00 0.129443
4 92.00 0.00 200.00 0.00 128.00 0.00 164.00 0.00 0.0624038
4 140.00 0.00 152.00 0.00 144.00 0.00 148.00 0.00 0.513439
4 124.00 0.00 172.00 0.00 140.00 0.00 156.00 0.00 0.167667
4 100.00 0.00 196.00 0.00 132.00 0.00 164.00 0.00 0.0663039
4 64.00 0.00 232.00 0.00 120.00 0.00 176.00 0.00 0.0526204
4 88.00 0.00 208.00 0.00 128.00 0.00 168.00 0.00 0.0603154
4 136.00 0.00 160.00 0.00 144.00 0.00 152.00 0.00 0.267491
4 112.00 0.00 184.00 0.00 136.00 0.00 160.00 0.00 0.0991904
4 76.00 0.00 220.00 0.00 124.00 0.00 172.00 0.00 0.0544255
4 96.00 0.00 204.00 0.00 132.00 0.00 168.00 0.00 0.0623683
4 132.00 0.00 168.00 0.00 144.00 0.00 156.00 0.00 0.199151
4 144.00 0.00 156.00 0.00 148.00 0.00 152.00 0.00 0.450372
4 120.00 0.00 180.00 0.00 140.00 0.00 160.00 0.00 0.131408
4 108.00 0.00 192.00 0.00 136.00 0.00 164.00 0.00 0.0812954
4 92.00 0.00 212.00 0.00 132.00 0.00 172.00 0.00 0.0589738
4 128.00 0.00 176.00 0.00 144.00 0.00 160.00 0.00 0.161189
4 116.00 0.00 188.00 0.00 140.00 0.00 164.00 0.00 0.108438
4 80.00 0.00 224.00 0.00 128.00 0.00 176.00 0.00 0.050958
4 140.00 0.00 164.00 0.00 148.00 0.00 156.00 0.00 0.281805
4 104.00 0.00 200.00 0.00 136.00 0.00 168.00 0.00 0.0669624
4 148.00 0.00 160.00 0.00 152.00 0.00 156.00 0.00 0.619469
4 124.00 0.00 184.00 0.00 144.00 0.00 164.00 0.00 0.129562
4 100.00 0.00 208.00 0.00 136.00 0.00 172.00 0.00 0.0616847
4 112.00 0.00 196.00 0.00 140.00 0.00 168.00 0.00 0.0867736
4 136.00 0.00 172.00 0.00 148.00 0.00 160.00 0.00 0.185516
4 120.00 0.00 192.00 0.00 144.00 0.00 168.00 0.00 0.107406
4 84.00 0.00 228.00 0.00 132.00 0.00 180.00 0.00 0.0503763
4 144.00 0.00 168.00 0.00 152.00 0.00 160.00 0.00 0.270058
4 108.00 0.00 204.00 0.00 140.00 0.00 172.00 0.00 0.0743392
4 132.00 0.00 180.00 0.00 148.00 0.00 164.00 0.00 0.143504
4 96.00 0.00 216.00 0.00 136.00 0.00 176.00 0.00 0.0574392
4 152.00 0.00 164.00 0.00 156.00 0.00 160.00 0.00 0.635479
4 116.00 0.00 200.00 0.00 144.00 0.00 172.00 0.00 0.0933896
4 140.00 0.00 176.00 0.00 152.00 0.00 164.00 0.00 0.168245
4 104.00 0.00 212.00 0.00 140.00 0.00 176.00 0.00 0.0619616
4 128.00 0.00 188.00 0.00 148.00 0.00 168.00 0.00 0.124874
4 148.00 0.00 172.00 0.00 156.00 0.00 164.00 0.00 0.241559
4 112.00 0.00 208.00 0.00 144.00 0.00 176.00 0.00 0.0755767
4 124.00 0.00 196.00 0.00 148.00 0.00 172.00 0.00 0.107953
4 100.00 0.00 220.00 0.00 140.00 0.00 180.00 0.00 0.0566349
4 136.00 0.00 184.00 0.00 152.00 0.00 168.00 0.00 0.142908
4 88.00 0.00 232.00 0.00 136.00 0.00 184.00 0.00 0.0493188
4 108.00 0.00 216.00 0.00 144.00 0.00 180.00 0.00 0.0655013
4 156.00 0.00 168.00 0.00 160.00 0.00 164.00 0.00 0.488888
4 144.00 0.00 180.00 0.00 156.00 0.00 168.00 0.00 0.171436
4 120.00 0.00 204.00 0.00 148.00 0.00 176.00 0.00 0.0894073
4 132.00 0.00 192.00 0.00 152.00 0.00 172.00 0.00 0.121546
4 104.00 0.00 224.00 0.00 144.00 0.00 184.00 0.00 0.0533629
4 152.00 0.00 176.00 0.00 160.00 0.00 168.00 0.00 0.275994
4 140.00 0.00 188.00 0.00 156.00 0.00 172.00 0.00 0.136625
4 128.00 0.00 200.00 0.00 152.00 0.00 176.00 0.00 0.102057
4 116.00 0.00 212.00 0.00 148.00 0.00 180.00 0.00 0.0803081
4 148.00 0.00 184.00 0.00 160.00 0.00 172.00 0.00 0.182256
4 136.00 0.00 196.00 0.00 156.00 0.00 176.00 0.00 0.112078
4 124.00 0.00 208.00 0.00 152.00 0.00 180.00 0.00 0.0918564
4 160.00 0.00 172.00 0.00 164.00 0.00 168.00 0.00 0.704264
4 112.00 0.00 220.00 0.00 148.00 0.00 184.00 0.00 0.0657081
4 144.00 0.00 192.00 0.00 160.00 0.00 176.00 0.00 0.134017
4 132.00 0.00 204.00 0.00 156.00 0.00 180.00 0.00 0.0965123
4 120.00 0.00 216.00 0.00 152.00 0.00 184.00 0.00 0.0784903
4 156.00 0.00 180.00 0.00 164.00 0.00 172.00 0.00 0.323259
4 108.00 0.00 228.00 0.00 148.00 0.00 188.00 0.00 0.0553806
4 152.00 0.00 188.00 0.00 164.00 0.00 176.00 0.00 0.194413
4 128.00 0.00 212.00 0.00 156.00 0.00 184.00 0.00 0.0870439
4 116.00 0.00 224.00 0.00 152.00 0.00 188.00 0.00 0.0672303
4 164.00 0.00 176.00 0.00 168.00 0.00 172.00 0.00 0.542746
4 140.00 0.00 200.00 0.00 160.00 0.00 180.00 0.00 0.106199
4 136.00 0.00 208.00 0.00 160.00 0.00 184.00 0.00 0.0935025
4 148.00 0.00 196.00 0.00 164.00 0.00 180.00 0.00 0.141559
4 124.00 0.00 220.00 0.00 156.00 0.00 188.00 0.00 0.0772105
4 112.00 0.00 232.00 0.00 152.00 0.00 192.00 0.00 0.0559426
4 160.00 0.00 184.00 0.00 168.00 0.00 176.00 0.00 0.285827
4 168.00 0.00 180.00 0.00 172.00 0.00 176.00 0.00 0.542192
4 132.00 0.00 216.00 0.00 160.00 0.00 188.00 0.00 0.0820942
4 120.00 0.00 228.00 0.00 156.00 0.00 192.00 0.00 0.0646965
4 156.00 0.00 192.00 0.00 168.00 0.00 180.00 0.00 0.187483
4 144.00 0.00 204.00 0.00 164.00 0.00 184.00 0.00 0.110402
4 164.00 0.00 188.00 0.00 172.00 0.00 180.00 0.00 0.272644
4 128.00 0.00 224.00 0.00 160.00 0.00 192.00 0.00 0.0711891
4 152.00 0.00 200.00 0.00 168.00 0.00 184.00 0.00 0.133789
4 140.00 0.00 212.00 0.00 164.00 0.00 188.00 0.00 0.0919924
4 172.00 0.00 184.00 0.00 176.00 0.00 180.00 0.00 0.575007
4 124.00 0.00 232.00 0.00 160.00 0.00 196.00 0.00 0.0652028
4 148.00 0.00 208.00 0.00 168.00 0.00 188.00 0.00 0.106141
4 160.00 0.00 196.00 0.00 172.00 0.00 184.00 0.00 0.183192
4 136.00 0.00 220.00 0.00 164.00 0.00 192.00 0.00 0.0816643
4 156.00 0.00 204.00 0.00 172.00 0.00 188.00 0.00 0.132053
4 168.00 0.00 192.00 0.00 176.00 0.00 184.00 0.00 0.284313
4 144.00 0.00 216.00 0.00 168.00 0.00 192.00 0.00 0.0883911
4 132.00 0.00 228.00 0.00 164.00 0.00 196.00 0.00 0.0708724
4 164.00 0.00 200.00 0.00 176.00 0.00 188.00 0.00 0.16339
4 152.00 0.00 212.00 0.00 172.00 0.00 192.00 0.00 0.106491
4 176.00 0.00 188.00 0.00 180.00 0.00 184.00 0.00 0.55805
4 140.00 0.00 224.00 0.00 168.00 0.00 196.00 0.00 0.0735423
4 160.00 0.00 208.00 0.00 176.00 0.00 192.00 0.00 0.133488
4 136.00 0.00 232.00 0.00 168.00 0.00 200.00 0.00 0.0676132
4 148.00 0.00 220.00 0.00 172.00 0.00 196.00 0.00 0.088287
4 172.00 0.00 196.00 0.00 180.00 0.00 188.00 0.00 0.262124
4 180.00 0.00 192.00 0.00 184.00 0.00 188.00 0.00 0.454313
4 168.00 0.00 204.00 0.00 180.00 0.00 192.00 0.00 0.164468
4 144.00 0.00 228.00 0.00 172.00 0.00 200.00 0.00 0.0740398
4 156.00 0.00 216.00 0.00 176.00 0.00 196.00 0.00 0.107054
4 176.00 0.00 200.00 0.00 184.00 0.00 192.00 0.00 0.239205
4 152.00 0.00 224.00 0.00 176.00 0.00 200.00 0.00 0.0855979
4 164.00 0.00 212.00 0.00 180.00 0.00 196.00 0.00 0.126113
4 172.00 0.00 208.00 0.00 184.00 0.00 196.00 0.00 0.166541
4 184.00 0.00 196.00 0.00 188.00 0.00 192.00 0.00 0.47678
4 160.00 0.00 220.00 0.00 180.00 0.00 200.00 0.00 0.108099
4 148.00 0.00 232.00 0.00 176.00 0.00 204.00 0.00 0.0734611
4 180.00 0.00 204.00 0.00 188.00 0.00 196.00 0.00 0.243233
4 168.00 0.00 216.00 0.00 184.00 0.00 200.00 0.00 0.128301
4 156.00 0.00 228.00 0.00 180.00 0.00 204.00 0.00 0.0855793
4 176.00 0.00 212.00 0.00 188.00 0.00 200.00 0.00 0.170977
4 188.00 0.00 200.00 0.00 192.00 0.00 196.00 0.00 0.363874
4 164.00 0.00 224.00 0.00 184.00 0.00 204.00 0.00 0.0964326
4 184.00 0.00 208.00 0.00 192.00 0.00 200.00 0.00 0.24133
4 172.00 0.00 220.00 0.00 188.00 0.00 204.00 0.00 0.13041
4 160.00 0.00 232.00 0.00 184.00 0.00 208.00 0.00 0.084675
4 180.00 0.00 216.00 0.00 192.00 0.00 204.00 0.00 0.161079
4 168.00 0.00 228.00 0.00 188.00 0.00 208.00 0.00 0.0985452
4 192.00 0.00 204.00 0.00 196.00 0.00 200.00 0.00 0.375335
4 176.00 0.00 224.00 0.00 192.00 0.00 208.00 0.00 0.1168
4 188.00 0.00 212.00 0.00 196.00 0.00 204.00 0.00 0.218387
4 172.00 0.00 232.00 0.00 192.00 0.00 212.00 0.00 0.0971534
4 196.00 0.00 208.00 0.00 200.00 0.00 204.00 0.00 0.319394
4 184.00 0.00 220.00 0.00 196.00 0.00 208.00 0.00 0.158086
4 192.00 0.00 216.00 0.00 200.00 0.00 208.00 0.00 0.183882
4 180.00 0.00 228.00 0.00 196.00 0.00 212.00 0.00 0.116372
4 200.00 0.00 212.00 0.00 204.00 0.00 208.00 0.00 0.325565
4 188.00 0.00 224.00 0.00 200.00 0.00 212.00 0.00 0.12723
4 196.00 0.00 220.00 0.00 204.00 0.00 212.00 0.00 0.187181
4 184.00 0.00 232.00 0.00 200.00 0.00 216.00 0.00 0.114161
4 204.00 0.00 216.00 0.00 208.00 0.00 212.00 0.00 0.310187
4 192.00 0.00 228.00 0.00 204.00 0.00 216.00 0.00 0.137237
4 200.00 0.00 224.00 0.00 208.00 0.00 216.00 0.00 0.185025
4 196.00 0.00 232.00 0.00 208.00 0.00 220.00 0.00 0.138849
4 208.00 0.00 220.00 0.00 212.00 0.00 216.00 0.00 0.442789
4 204.00 0.00 228.00 0.00 212.00 0.00 220.00 0.00 0.19543
4 212.00 0.00 224.00 0.00 216.00 0.00 220.00 0.00 0.285267
4 208.00 0.00 232.00 0.00 216.00 0.00 224.00 0.00 0.279724
4 216.00 0.00 228.00 0.00 220.00 0.00 224.00 0.00 0.696615
4 220.00 0.00 232.00 0.00 224.00 0.00 228.00 0.00 0.418617
0
0
0
0
0